3002
74
64
22
61
25
63
75
10
25
49
16
56
42
77
7
61
35
12
79
74
21
70
16
7
3
61
49
71
71
1
2
25
17
49
54
14
18
13
59
53
54
51
36
21
17
67
58
35
43
44
38
26
40
13
52
71
53
46
5
76
27
71
26
29
9
3
2
42
69
66
36
39
67
46
35
45
57
60
27
6
65
8
25
2
54
53
27
46
75
7
29
68
66
73
65
46
43
8
62
7
32
53
39
25
46
46
61
69
18
60
44
31
32
68
71
22
49
12
20
63
63
28
51
75
65
50
78
13
57
46
7
68
19
59
26
5
31
56
49
28
31
59
23
11
31
12
35
2
46
60
16
71
70
72
44
7
61
39
7
70
67
74
47
56
4
65
47
11
24
63
47
37
33
78
32
38
63
46
64
32
10
29
8
4
11
73
40
48
33
3
51
51
51
31
35
9
73
16
9
64
46
48
24
76
41
3
30
73
61
10
33
3
33
23
15
22
71
77
26
48
37
77
37
5
65
36
79
7
52
32
48
29
57
74
42
71
8
60
7
56
74
22
68
52
10
75
68
12
43
69
58
1
75
6
9
19
60
35
52
45
56
66
43
59
48
23
79
31
64
49
56
33
4
63
60
43
5
2
73
16
57
53
66
56
71
79
20
36
37
79
72
77
66
31
30
6
1
11
78
14
1
66
65
4
27
63
56
73
54
79
10
11
57
49
42
46
34
53
68
29
24
55
6
72
6
12
24
3
72
79
71
79
23
32
73
21
22
48
27
61
79
79
43
70
61
18
32
22
53
61
64
18
50
49
59
24
22
11
15
21
55
68
45
27
21
44
52
20
43
8
50
67
2
72
9
6
19
74
49
42
23
74
3
76
61
23
70
2
72
48
72
19
38
2
58
34
78
57
1
60
56
13
51
3
6
23
25
62
8
3
8
67
63
5
35
35
21
30
80
45
11
58
28
44
23
64
31
74
28
6
8
70
2
30
31
77
5
35
23
20
36
10
31
3
29
62
31
58
80
23
47
6
12
15
78
25
18
28
21
47
78
17
46
30
7
50
56
63
60
25
10
31
60
45
80
54
38
41
40
9
3
45
78
78
69
71
46
75
68
64
49
62
72
65
15
73
58
18
48
64
26
66
29
72
46
27
79
32
6
7
22
20
78
32
71
66
52
11
66
63
48
36
35
35
64
24
5
40
57
67
47
48
45
3
67
71
68
64
40
37
59
33
21
31
13
2
33
58
38
3
46
62
20
52
63
27
24
14
57
14
11
58
78
42
29
18
1
35
50
7
17
65
48
80
72
14
34
63
11
48
18
45
29
33
51
35
43
49
35
55
19
11
65
41
79
51
31
64
17
32
22
11
46
43
67
64
56
75
20
55
28
59
44
29
45
45
9
75
13
44
57
39
21
15
8
55
43
47
41
44
6
66
16
57
11
32
7
79
70
23
51
1
21
44
24
73
72
9
44
68
79
76
75
13
45
63
30
47
11
3
53
6
29
64
37
64
5
27
44
35
30
25
10
63
12
66
43
40
67
42
16
23
56
35
56
34
33
54
71
75
27
53
57
39
46
67
19
23
22
48
49
6
3
70
80
37
59
60
22
22
12
24
27
52
73
74
76
68
74
52
49
27
36
55
64
35
27
62
61
30
6
56
6
18
67
18
41
53
36
43
30
18
4
34
68
67
12
44
62
18
48
45
32
18
13
59
58
25
6
49
73
57
12
153990775
33
71
56
43
34
35
12
44
47
79
73
59
19
71
11
63
43
54
68
59
47
5
75
39
25
15
42
71
42
46
19
32
52
76
48
1
38
52
28
70
56
54
36
76
19
35
67
5
44
52
41
2
38
52
43
26
12
36
60
65
40
33
41
35
79
56
9
8
32
69
36
30
35
60
43
27
12
20
25
67
7
28
27
17
57
58
71
12
52
38
62
45
27
34
57
7
43
70
59
68
71
5
13
52
19
40
25
42
27
8
53
37
62
11
47
65
12
4
42
73
71
16
44
54
41
37
1
59
71
65
5
9
55
41
60
66
15
43
30
42
7
77
78
46
42
28
25
1
31
29
11
43
11
13
17
32
3
27
75
27
28
9
68
16
36
52
37
69
16
78
43
68
80
66
64
60
24
21
45
64
44
71
27
37
9
71
44
36
73
64
60
24
6
49
71
12
8
13
70
40
64
68
1
10
74
48
59
39
8
56
73
51
68
67
58
42
23
5
30
73
17
20
77
61
65
70
1
73
21
57
75
67
54
70
63
47
27
61
80
66
12
53
3
66
28
13
28
26
52
62
9
49
8
1
25
42
22
6
1
12
32
31
32
38
33
9
60
25
47
55
78
13
1
76
36
29
53
49
15
72
46
52
69
29
22
46
26
32
60
40
53
25
5
25
13
62
37
41
50
24
27
2
29
31
64
77
27
18
12
32
27
57
19
59
29
39
78
22
18
55
63
15
23
5
46
9
3
18
27
1
63
5
2
80
63
79
23
52
72
50
6
49
53
20
40
64
78
15
71
26
3
24
30
60
48
9
12
48
1
57
80
9
64
12
36
68
18
16
14
54
43
58
79
33
66
25
68
21
41
19
59
65
73
21
63
7
42
37
6
64
40
50
2
29
47
73
16
68
54
5
6
60
61
42
2
31
61
47
75
36
27
23
63
41
40
5
63
55
59
31
48
60
56
48
22
35
32
70
3
27
48
48
59
4
56
28
21
51
68
73
28
71
15
39
1
41
43
49
78
13
80
17
17
19
64
78
3
37
2
12
12
56
39
16
72
64
32
58
24
44
28
65
1
48
51
26
52
25
33
63
75
53
18
29
64
44
64
22
31
62
53
62
36
75
22
12
74
31
49
62
67
16
57
9
19
8
33
43
67
26
31
60
69
16
47
75
77
55
5
1
24
19
38
55
30
7
4
41
36
66
74
28
22
43
8
14
79
56
8
27
66
79
12
8
64
58
72
71
6
47
66
25
9
50
63
65
32
52
11
34
4
66
16
52
4
30
10
12
28
16
59
1
23
6
10
58
2
24
40
14
67
32
57
76
6
28
25
73
45
46
36
15
34
16
28
31
61
29
27
70
27
59
75
78
22
19
58
19
35
2
3
16
46
32
8
18
69
6
64
44
49
36
35
71
26
55
78
41
15
26
15
42
16
49
57
36
51
16
38
31
64
38
77
56
17
12
23
3
71
4
67
29
80
42
50
29
76
60
10
11
48
59
7
59
35
74
67
69
13
30
10
3
53
17
16
61
70
71
18
35
53
2
12
64
42
17
19
65
55
9
48
53
62
55
14
7
48
59
41
78
47
67
73
48
64
38
78
32
36
44
6
64
48
12
71
5
75
10
14
5
31
37
67
51
2
61
16
32
29
61
17
56
75
52
21
35
58
53
48
59
71
67
67
52
28
35
60
59
79
6
71
11
47
73
31
15
65
31
58
43
66
22
42
2
21
30
64
23
9
29
79
14
16
69
47
48
71
7
54
18
19
31
55
53
28
19
55
43
40
69
27
71
56
80
11
13
63
73
73
49
58
57
50
74
6
29
15
24
61
54
11
75
67
39
15
56
43
9
60
43
64
57
15
15
12
71
9
52
11
62
16
40
72
63
5
16
24
27
39
33
12
71
61
8
34
51
51
3
13
7
32
47
23
47
58
47
2
29
9
74
31
79
42
23
6
16
61
51
66
22
22
53
35
37
58
35
23
1
51
57
39
28
43
64
1
78
8
7
16
78
66
73
31
42
43
61
59
62
10
58
72
52
28
43
53
22
72
8
40
19
28
57
66
27
59
65
29
42
60
55
6
56
77
46
37
59
5
40
34
40
52
10
24
79
41
37
53
18
68
13
43
43
78
37
10
43
9
21
10
38
16
29
67
71
44
10
43
9
41
24
32
65
55
66
30
32
65
68
66
37
57
34
59
50
22
52
24
73
76
42
39
43
44
79
26
21
30
50
6
67
18
23
76
56
8
78
40
61
23
29
49
5
44
35
78
53
53
21
10
54
3
61
12
69
35
63
9
48
57
53
44
63
63
47
6
9
9
20
50
80
34
49
19
50
48
29
30
4
27
79
54
17
67
31
52
75
19
66
52
11
10
37
51
7
23
73
58
28
8
9
1
29
14
51
11
71
64
80
12
47
29
67
48
73
55
75
67
74
5
28
68
11
63
35
42
11
8
8
64
36
8
63
20
80
46
11
71
59
23
30
24
26
11
53
27
71
27
3
15
23
51
64
41
65
2
78
35
67
29
52
38
46
48
32
46
59
43
44
14
28
19
75
48
3
57
69
49
28
12
31
34
26
64
17
59
51
5
43
62
15
17
14
41
24
21
3
46
10
76
27
2
79
41
44
1
78
39
39
74
56
21
67
68
31
49
77
68
45
40
22
37
75
51
54
75
12
12
15
43
5
60
2
76
58
10
14
57
8
51
31
30
39
63
65
70
13
29
71
46
48
73
48
64
40
18
22
49
4
32
14
51
32
18
49
36
29
23
17
79
1
46
56
17
66
56
56
64
23
14
19
55
28
74
10
23
52
65
10
35
19
51
45
7
23
28
9
27
76
40
76
50
41
31
12
16
75
49
71
10
62
5
78
15
1
22
61
61
51
48
44
37
68
18
10
8
76
16
74
2
20
64
67
28
78
14
51
35
63
40
27
37
55
62
67
30
7
14
74
31
41
68
8
12
31
66
27
57
56
38
57
27
27
18
69
61
43
20
50
68
52
68
70
37
39
23
25
32
18
52
29
18
25
5
15
11
4
37
34
7
69
18
25
31
74
55
72
33
36
43
17
73
14
65
73
33
56
12
19
33
2
66
35
6
48
2
34
3
39
72
43
63
78
25
71
61
11
22
31
60
64
77
16
46
15
52
56
43
31
4
18
55
72
74
4
40
37
13
79
37
34
48
73
41
6
33
35
10
33
60
64
58
74
28
13
32
12
41
66
23
48
31
72
46
14
80
43
4
18
8
23
49
27
15
29
10
37
36
32
43
54
58
56
62
23
22
75
4
48
49
58
52
39
54
9
46
37
72
23
8
43
73
13
39
39
34
47
42
31
25
41
43
52
60
4
24
6
79
65
24
8
10
75
15
56
78
57
47
63
11
50
11
37
42
26
69
65
26
63
70
6
59
56
27
10
11
33
38
71
14
2
2
24
66
38
8
45
75
76
40
61
29
77
42
67
53
69
65
25
1
65
1
53
40
34
2
29
47
18
12
28
27
32
43
63
53
60
67
43
28
71
49
53
34
57
23
49
17
16
52
40
31
28
37
26
37
5
71
51
27
54
67
62
17
8
54
53
77
62
24
9
65
77
8
4
15
58
26
72
64
3
34
32
14
25
10
36
45
76
56
10
56
57
67
17
69
61
74
10
69
21
19
36
2
6
31
75
62
4
10
74
44
25
10
34
57
22
36
8
21
16
30
31
29
6
40
18
6
35
9
57
11
69
25
62
53
9
20
20
22
62
12
35
28
31
153990775
34
60
1
31
9
72
73
62
12
17
40
32
41
28
34
75
35
65
31
46
20
17
43
7
30
68
25
54
7
28
40
41
60
30
33
44
76
73
62
79
80
66
13
1
66
57
32
28
79
26
77
45
31
21
24
10
4
21
71
64
34
46
50
11
9
66
31
19
5
55
78
19
11
2
56
69
12
42
56
43
43
79
66
12
67
57
72
70
59
43
10
29
49
52
49
59
30
4
6
69
20
41
50
26
5
67
39
64
15
43
73
30
25
9
55
27
72
45
33
27
43
21
22
57
49
5
15
22
69
50
35
25
59
29
69
36
56
51
65
52
21
73
75
63
43
77
20
56
33
56
29
42
12
7
78
24
11
52
28
78
79
60
34
65
80
5
54
43
9
33
78
11
60
14
45
23
5
58
61
23
70
8
40
3
49
26
3
61
71
27
73
58
62
54
42
18
30
66
56
80
10
34
42
34
40
74
12
30
37
6
27
10
63
41
4
25
20
78
69
67
10
30
43
42
68
76
3
19
53
65
22
22
60
54
58
15
2
35
6
72
8
38
55
48
70
78
60
30
53
61
47
35
75
22
38
2
24
72
60
10
43
6
74
66
6
24
78
36
32
51
45
5
64
61
12
65
38
43
43
64
21
1
29
56
17
35
62
74
37
29
27
7
31
29
6
61
34
30
32
30
23
28
6
32
76
39
22
58
67
7
33
46
42
33
4
32
17
2
25
55
75
54
73
58
67
66
47
65
60
35
27
64
29
35
71
27
41
54
6
30
60
76
66
7
76
9
71
26
61
24
26
42
35
80
49
64
28
63
11
53
38
35
4
57
30
75
57
65
11
44
65
51
75
22
67
1
12
17
27
32
1
55
27
63
47
21
15
26
31
33
49
53
48
28
3
49
1
79
17
59
17
64
38
6
27
59
51
27
18
45
22
46
35
41
27
36
50
72
36
27
1
46
5
22
26
63
70
67
32
64
16
7
66
49
29
60
70
10
44
50
59
58
36
73
74
10
56
29
79
60
28
75
6
41
71
47
11
9
18
64
35
1
11
75
6
53
36
22
60
10
59
50
35
34
15
71
79
40
63
1
59
43
12
5
65
27
67
67
3
57
68
38
7
68
78
56
36
43
63
48
50
46
44
29
23
64
33
46
18
35
27
4
73
58
31
80
61
63
59
29
79
74
27
71
17
40
46
53
47
74
31
74
29
56
19
56
50
19
17
78
55
69
12
78
53
1
20
68
27
58
24
16
61
37
55
11
17
55
50
57
64
35
18
55
28
7
79
6
52
40
9
66
5
