(('QUERY', 26, 74), 3)
(('QUERY', 23, 34), 2)
(('QUERY', 52, 69), 3)
(('QUERY', 38, 62), 3)
(('QUERY', 1, 22), 3)
(('QUERY', 46, 51), 3)
(('QUERY', 38, 57), 3)
(('QUERY', 53, 58), 1)
(('QUERY', 11, 56), 3)
(('QUERY', 8, 60), 3)
(('QUERY', 13, 44), 2)
(('QUERY', 24, 52), 3)
(('QUERY', 16, 62), 3)
(('QUERY', 29, 32), 1)
(('QUERY', 15, 36), 2)
(('QUERY', 3, 16), 3)
(('QUERY', 10, 59), 3)
(('QUERY', 25, 67), 3)
(('QUERY', 3, 13), 3)
(('QUERY', 7, 22), 3)
(('QUERY', 24, 32), 1)
(('QUERY', 57, 72), 2)
(('QUERY', 4, 54), 3)
(('QUERY', 4, 18), 3)
(('QUERY', 18, 23), 2)
(('QUERY', 40, 67), 3)
(('QUERY', 14, 59), 3)
(('QUERY', 34, 65), 3)
(('QUERY', 30, 34), 1)
(('QUERY', 21, 53), 3)
(('QUERY', 54, 71), 2)
(('QUERY', 12, 32), 2)
(('QUERY', 8, 30), 3)
(('QUERY', 37, 40), 1)
(('QUERY', 46, 47), 1)
(('QUERY', 24, 53), 3)
(('QUERY', 45, 55), 3)
(('QUERY', 67, 71), 2)
(('QUERY', 26, 30), 1)
(('QUERY', 14, 50), 3)
(('QUERY', 34, 50), 3)
(('QUERY', 6, 63), 3)
(('QUERY', 25, 58), 3)
(('QUERY', 7, 72), 3)
(('QUERY', 21, 67), 3)
(('QUERY', 7, 50), 3)
(('QUERY', 19, 21), 2)
(('QUERY', 57, 59), 0)
(('QUERY', 7, 54), 3)
(('QUERY', 3, 30), 3)
(('QUERY', 17, 35), 2)
(('QUERY', 13, 41), 2)
(('QUERY', 60, 72), 2)
(('QUERY', 15, 37), 2)
(('QUERY', 37, 47), 1)
(('QUERY', 38, 42), 1)
(('QUERY', 6, 39), 3)
