10000
6838 3943
9578 3997
9645 4865
9326 1320
3459 189
6168 7264
2430 9954
4806 4601
9082 5924
7059 656
8826 3278
9607 3159
6194 8689
5828 140
3187 8368
3204 5947
7363 7734
9204 80
8793 168
4625 1851
5813 4797
2667 4793
6625 7239
1889 8279
1448 208
3563 6190
9792 1745
5031 8610
5113 1774
7607 5678
6018 7540
5735 3148
3420 9456
1005 7310
650 8931
1244 7972
6921 7127
294 2057
4844 2079
5383 3114
317 6939
7921 5389
9026 1152
2963 7491
3765 1618
1904 4883
9481 280
1344 2039
3196 9454
319 5860
1538 9453
3100 260
4377 8914
1445 7107
9292 9157
73 9071
5269 6754
4005 4344
2707 1536
611 3003
5364 9426
9218 4924
6464 2324
8279 1812
8154 9016
9125 1053
6241 6565
102 7664
7902 702
6112 4860
234 1184
7801 9719
8903 9968
4672 3868
558 9997
3063 6631
5355 5043
4431 9772
5056 8626
2662 3561
9930 3702
9929 9446
6104 5570
3960 3884
6806 6693
187 6588
9918 2036
8507 6409
6660 8160
7001 2865
5495 4295
2514 8584
2433 7189
9862 5609
3904 9965
4495 5930
5204 3435
3659 4007
288 6184
5576 1115
8307 8578
16 1733
5679 264
6661 6720
1414 4771
6992 4681
610 2363
7072 9718
2413 78
7647 55
8855 9606
8049 2196
4181 5980
5706 326
6131 3065
9776 176
7531 7684
9726 1122
6466 5425
3009 4686
7090 814
7049 2099
4676 3626
2195 9369
9954 6926
2573 9380
7727 1425
7522 3886
2316 605
3538 2291
6708 3721
6152 348
8056 3488
610 7123
2674 4005
2388 3793
4508 2502
2439 9002
2457 2932
5929 1844
6002 1905
8951 3614
9571 2007
9475 1418
9731 461
7042 5136
27 7045
6766 2902
7938 568
5856 8084
7954 5476
9498 4845
1717 6572
932 1339
945 5238
7981 4078
2101 2026
7062 4893
6575 8865
7684 278
9596 5799
6244 7401
1686 2001
3452 5132
2297 2710
4881 7566
9379 41
8573 852
1670 6611
7604 9814
2431 7006
9621 5489
2199 6355
6368 5355
2227 8447
1339 5631
1066 491
4776 7751
3328 2069
1989 3381
1551 5830
7282 9334
605 2134
9266 8683
7363 6401
8572 7682
4164 9548
816 3162
9261 5798
2188 9137
2705 6073
9646 7132
7114 1881
5365 9152
8353 5697
632 7051
9467 9235
7397 4421
808 3553
331 8659
5883 1613
2773 8454
8596 6507
897 3477
2897 2571
5600 6917
4938 6170
2781 5583
7312 4384
9384 4837
7264 7826
7733 9423
3391 1537
1707 8675
1272 15
1284 143
3817 7856
5875 7063
2913 7402
9922 1716
713 9255
8511 3294
5405 1765
2860 6922
2392 8257
7267 214
5586 5399
7131 231
1784 9193
6747 3068
8727 8927
7090 9693
8424 3957
796 7671
736 7671
7040 5039
7733 7832
7335 4055
90 4295
5584 33
8128 5433
2257 4812
2050 9035
5789 4224
7030 756
9072 4163
1700 645
373 1204
5831 8504
5520 424
4869 9525
2485 6130
4849 5586
2153 6317
613 1813
3567 785
1494 8210
6428 4078
3142 1689
5551 6331
8899 2899
4006 124
500 5599
1280 6997
4065 8646
1179 2271
6641 8461
5350 6522
5070 7941
1174 1769
8158 5077
4335 7498
3829 1466
9665 7835
6116 783
8545 3888
6100 8988
2919 8838
337 1798
7800 6749
6166 1078
9373 6243
7143 5166
681 5447
6612 8171
6397 1464
8527 7383
535 8315
1396 7610
4427 322
6221 9236
7751 1523
5144 2827
662 2473
9496 9736
9797 7152
4480 6577
6370 6232
7477 2350
3786 1672
1214 9953
6802 8066
5100 287
4928 794
8449 7752
7646 8811
91 1094
4908 1809
4420 285
4113 3606
8568 7884
4446 34
837 5663
9129 1536
3801 8787
219 4686
1428 2070
4678 662
6123 5307
1766 6971
2699 4035
6875 3369
16 2196
5008 2442
3593 2864
8824 8045
3719 4301
5983 2261
3403 8204
8612 1069
1788 510
9431 3710
7727 6046
8430 1140
4366 5746
6783 4215
7544 9586
164 3718
8368 6734
2914 8517
2515 3445
3509 7794
7890 7606
6919 4448
349 4726
6573 6040
2952 8220
5848 9676
2832 1417
7878 5589
5870 7205
3522 1412
7781 4502
9422 8532
480 6683
2480 7379
4587 7491
2136 6773
28 3488
288 6184
5537 8841
8904 8611
4755 5350
570 7413
6927 6334
3502 8021
8653 2622
4833 7880
2391 8272
6670 1336
9184 368
3562 6184
6405 4251
6757 560
7216 3298
951 3050
8057 4145
5504 7708
405 6692
6768 9926
4991 994
9858 9305
533 3615
7442 8575
8843 7998
7537 2767
9990 891
4092 4288
3544 4713
6805 2260
9209 8849
1279 4234
4866 1047
905 8531
9706 3908
2003 6255
7976 4578
9347 3647
3184 7964
5395 7017
485 5391
7494 8609
6230 4416
7307 8351
4133 227
8871 8131
2599 6705
7080 5897
5662 6668
8138 6455
2588 4067
6665 3448
1501 7944
5649 8800
5542 2982
296 5764
1815 8896
1041 8948
6538 1252
927 9302
5851 8984
3683 5880
7894 2488
9262 4857
8264 1980
5513 5819
2056 9143
5289 9259
7129 597
1258 2934
4790 3135
9474 788
2230 6470
9662 7906
3692 4884
5721 9023
3158 2057
5729 4563
2845 6464
8907 5427
7867 2588
2891 4297
4907 3333
4152 7026
6067 1868
8492 558
9387 4656
376 9061
4991 8435
2269 125
2769 9175
5776 9418
84 9449
9570 2917
3942 5203
7577 7767
9442 9897
3784 9863
6306 2343
895 9133
9773 7562
2616 7511
530 9681
6181 3323
4437 4714
7760 7672
9135 9572
3272 5632
6400 6062
2473 591
5783 9951
8772 6715
7852 5623
8522 9276
8976 5185
4143 8470
3971 5019
4202 2755
4882 7759
1659 7263
7991 5927
8231 9292
488 2757
7220 6003
6356 3331
1909 9221
1225 804
5046 763
521 9064
864 5706
2364 553
2576 1906
9093 7648
6935 7079
293 5874
5388 7277
8855 2829
8754 9123
4506 6679
4359 7526
4718 849
6818 1444
9528 3123
8649 3761
3039 1342
864 8191
9633 2033
5779 1650
9550 608
5055 2123
36 4698
3898 828
3760 9770
2491 5011
3615 4047
7071 7017
4137 3942
3910 2494
3732 1744
9347 7016
8011 2702
7630 5237
8480 1734
5806 6159
7686 521
4739 6698
6734 6593
2645 580
2502 1554
2780 6016
8076 3024
8056 7866
3997 4264
9197 9990
7424 7530
7367 2521
1414 7909
3634 1493
7475 6028
4493 5052
1725 8254
338 1572
7694 3489
3473 7485
603 4066
6455 7609
9318 8743
115 1037
8741 9253
5628 8953
4645 2846
3295 9476
4632 5476
8050 6233
9178 4139
7661 1950
5486 7997
10 194
5547 4268
4760 4261
3365 2131
554 2499
1047 9537
7453 8811
5888 4903
7111 7645
7701 6929
8997 4694
3046 4283
4934 4002
1972 665
9729 8183
1346 216
7765 9846
523 5591
2864 4367
2672 7761
22 8451
7557 2994
1462 9279
2567 6575
775 2472
6343 3544
8029 3135
4745 4714
6673 548
4314 4224
9617 3289
2787 6512
6588 3376
5457 1007
5549 115
9338 1118
9199 2174
3370 7430
8299 9027
4948 6282
7458 46
7585 4174
5255 5847
5023 1165
2174 6693
5685 2090
3118 6684
4460 342
5944 779
4235 6812
7447 3616
2741 2063
7582 6661
8705 6175
9485 2232
6719 8655
4110 924
3931 5421
5460 1397
3460 5881
1196 9955
2998 202
3603 3733
5399 5858
1883 6713
7312 3629
5986 8961
7439 868
5715 6718
7137 6341
8231 2867
1224 7635
5044 4801
4341 1029
3859 3060
2580 7642
517 9266
4208 5228
2471 2279
4943 7420
4778 6185
6167 4715
2543 4335
6914 8315
2772 9107
5874 4343
876 3832
1989 6406
1784 3571
9094 3816
1448 9963
5385 4511
3616 3974
7345 1110
2775 1320
1388 3814
6153 6884
2449 4442
1488 8479
1168 5474
5834 8996
8412 1691
9202 4351
5902 7333
5013 3550
5879 3266
4830 4712
5394 3766
2093 6927
6607 9774
325 3522
6388 1492
1413 7739
6832 5180
7680 9820
976 3423
353 204
4909 9634
483 5712
6130 7433
1331 6545
4765 177
4651 2984
3551 3989
5409 7663
9819 2614
4352 8219
122 8003
7135 2165
8141 494
5512 7737
1298 7007
8168 5686
3031 2097
3939 4078
7194 9022
4671 8502
5559 1976
5342 6190
5744 6407
2771 1849
6464 9657
293 3457
3597 9182
4851 1290
2013 1689
1541 1243
5329 8259
7425 3987
652 5607
8591 8583
8857 3397
6138 4434
7521 3430
7768 6180
9440 4191
4703 2590
734 9988
8702 2734
7983 4369
2479 869
9068 4489
3897 2074
3002 6401
8899 5851
7180 2582
359 7643
2617 3312
3551 3844
8953 5787
444 1106
554 1522
8659 7293
1766 5668
2780 9370
5491 105
9394 788
358 3283
884 8177
2846 2840
2132 6416
5233 6412
5851 8401
8145 9061
5897 1655
6800 4202
4653 9695
3297 8122
2482 2075
3782 5076
3972 7324
7807 6099
753 2682
4783 7321
706 5381
5098 8755
9364 4170
7371 4207
3090 3924
3193 1223
5667 282
6701 2135
3361 315
2038 8330
2435 5497
3682 7338
8659 3281
9677 2715
9580 4762
8980 6470
9853 9771
6066 9896
4679 771
3367 960
505 8738
3867 9696
4964 3387
9547 622
8808 2835
5519 2212
6464 47
448 3093
7303 6110
1492 9280
5666 7846
3010 9079
9398 1498
2549 2358
7397 4106
8935 7818
1325 2411
8705 2586
6229 1117
8045 9226
6411 7188
8744 4175
741 489
8747 265
2080 9424
1086 24
1811 771
7149 2182
1906 3696
5454 4664
429 8428
7011 6786
5856 844
2209 8690
7329 1352
1937 597
7555 3834
123 8460
2246 2172
1415 7798
5754 1304
71 9589
4857 9748
7118 7824
2098 9738
8435 4747
1194 7347
7121 7009
6273 6141
7112 7169
9297 202
6650 6664
6087 1632
9478 5846
2816 3374
4620 5588
3359 3128
1387 5606
6859 6104
6184 4948
3369 4008
6869 8610
3865 3366
2 933
20 6327
47 8693
5084 9805
3315 8300
1250 6126
6337 270
9544 180
3055 1232
7223 1035
2842 7002
9013 3513
6885 1936
6009 2526
2601 4381
6934 129
2399 5612
3710 2902
3638 2566
1205 6695
5813 5696
260 453
4240 6398
1934 4533
4950 6338
3388 3036
9140 4746
7606 4265
4863 2678
1641 4899
9485 3259
6845 5430
2266 8791
5932 3393
3111 6829
1788 8388
1355 2906
8222 4949
4437 724
2282 2043
2553 3563
7767 906
821 6711
8360 5355
2960 2496
2037 2002
8257 6286
3889 7415
9736 2962
5642 2800
1034 4503
6511 7825
5244 7394
3777 6385
2025 7032
459 5558
2016 3949
1245 396
9675 7658
5514 1051
6861 9761
9600 6300
4897 779
921 7999
9177 9713
1050 7502
1454 5695
7435 7767
253 388
3551 6680
6384 9185
4988 2895
3564 2949
9041 868
9271 3006
7121 2472
3220 1474
1526 1388
5374 6592
6652 919
8919 8075
7414 9410
1018 6232
1508 211
7752 2797
5986 1998
349 8988
7036 1914
9100 1404
8261 8150
9073 4449
2453 8014
7841 6383
2263 3490
3258 4936
3746 9548
3155 4703
8977 6052
453 5468
7115 4581
8313 6917
2276 5250
4120 2972
1437 1587
4530 92
334 7820
6139 3479
5664 9559
8691 7607
9995 1424
101 2501
9232 2224
1539 5257
7062 7959
2548 1916
1235 8057
691 38
3564 1126
1697 7506
926 8239
6371 6008
2297 8648
6923 9369
6890 6874
1451 441
526 7403
2893 7931
1515 2638
7242 5228
9243 6578
9802 734
9339 372
1714 9025
1706 879
2205 5174
2001 2797
5773 4268
9615 4837
1778 6731
5469 1934
4427 3224
1528 4193
3752 9191
4429 3884
9210 8684
4024 8146
6246 2967
1656 8972
1679 3100
773 4818
8157 4992
2901 6468
4725 299
8252 5243
4806 6810
6507 9282
8384 6425
8170 4182
1448 586
9475 2789
7979 6858
2586 7689
3503 9842
1509 4800
9188 9529
9222 8262
793 5639
7577 6277
869 3082
6539 2376
9286 2770
1287 8146
1455 2213
5268 7846
1730 9848
4970 628
235 9569
2761 7659
3664 5631
9134 230
7490 9031
7012 5768
7854 6653
211 987
9937 8649
8903 1745
7931 5501
5706 5335
169 9903
4589 6030
4531 250
6001 3019
6372 5906
6514 2725
9558 6838
4732 8652
1375 507
9816 2269
7928 3070
2757 5108
3858 5694
6618 4668
8775 1027
3271 7013
1365 8419
7482 5900
2225 7278
983 5122
2520 2815
2155 6407
3869 6343
3303 4252
6611 4744
8201 4198
6468 4485
1715 3982
6906 3619
1335 3302
8706 1550
7112 9199
5950 1187
7740 8217
939 9432
6082 7358
3852 5375
4101 2533
6873 8841
4212 7473
1435 1720
9522 6502
3679 1659
2707 4855
3024 6266
3989 921
8962 2040
2407 5500
1544 9210
8594 6963
7895 2454
6083 6932
1859 8296
2506 7552
1899 9329
3899 4083
66 9193
6534 1164
7109 9803
8722 1430
2263 732
9061 6915
7711 3972
5618 1404
3927 4046
900 1969
1755 1227
5561 3694
6302 483
4391 9922
8990 7729
6797 7947
6227 5195
226 8374
3318 3074
7852 6099
3907 3138
9676 5748
7023 99
5720 9536
6382 6235
8749 4266
5124 8334
5514 4050
3107 9812
699 6008
4005 7359
7137 1364
994 3653
9041 8594
6296 7724
2780 7424
4916 3562
2360 597
2452 2704
9933 6009
8404 5032
1629 5323
5900 1004
8223 85
2301 6836
283 2160
6006 7207
1818 5850
908 1038
8262 4371
5751 4456
3472 4923
9223 6306
7282 283
3825 4451
468 4622
2552 2356
6251 293
9710 2521
2045 3400
5080 9405
4551 995
4946 3664
6157 1160
4792 9832
2654 732
7077 280
3058 2299
448 2420
2553 8253
9238 4461
5946 9014
3860 8182
3890 4545
212 8004
2661 7776
7999 3585
4102 2247
9094 3344
8563 6474
6952 6296
9067 3070
8470 1037
5483 7081
2531 3433
3648 5105
3579 8001
7139 6769
1850 6697
2086 8134
3077 3472
5075 7886
973 9249
4298 1964
8396 4307
374 2741
1354 5702
2453 8223
4387 5382
8317 1376
588 5496
3564 1889
9 6737
2672 8836
4241 3185
9703 654
4571 5815
8876 4402
2134 9642
3078 5146
8726 1217
5164 8944
3147 8945
8676 9904
793 8063
5824 7322
8982 1894
5252 9940
5416 4352
8714 7657
6504 2971
358 6860
8123 1461
7890 6543
8478 64
3205 3410
1934 3055
3826 269
4160 6922
4545 8226
2830 4536
3658 4124
9411 1059
1266 6626
7677 8590
8653 9923
1759 905
8736 9995
7937 4638
826 9670
6530 1376
4272 9040
668 3363
4310 3076
2402 8685
7073 1600
8923 6654
6223 3913
7641 6346
3059 9955
4495 4216
5709 1089
142 3353
273 5753
290 8840
6688 1310
8462 4867
6639 5016
7028 273
6289 6877
2516 2142
8716 5621
4696 3692
6225 2196
1975 738
974 5041
1424 7281
6716 5928
5052 3185
4393 8443
7496 3603
983 1409
8947 274
8839 5719
5638 196
2631 2306
5184 306
7459 6484
4285 6884
1354 3601
2036 5432
343 4442
6650 759
9308 7632
8754 4142
1512 5850
8462 2857
8928 806
5969 1481
9872 9778
7275 7260
3402 9504
7073 8451
4966 7487
5427 1421
6452 4919
6370 7055
2548 776
4832 1956
7867 907
6899 2537
8562 7777
7065 1273
6700 9162
9665 1223
5185 7210
7369 2459
3980 2865
9399 3616
7699 6449
6726 4990
4720 6974
7271 9357
1038 1253
5039 404
4358 5365
3185 77
8680 9442
3760 9288
1087 9758
8027 9968
3712 1175
1936 8411
284 6589
9385 9535
4662 2206
4628 9510
2669 7201
5758 4461
8397 5947
3893 3029
2795 5391
2984 4590
1164 9254
8399 1995
6602 228
4104 5369
8614 1022
1803 2004
9911 159
4637 2404
2580 5614
250 3747
174 4752
9755 7625
9002 575
1385 8112
1922 7786
5945 7447
3023 4788
1884 3498
4363 5921
6487 4091
3652 5601
4372 2861
6470 3275
3148 9506
8274 3862
407 1809
8075 9526
8704 8301
8406 4010
5106 3001
9548 4828
9716 6956
3380 6683
9249 3860
8930 5001
59 9019
6734 4985
4149 8443
6090 3072
3415 228
344 3045
9427 5051
5869 45
2385 1613
7231 1311
7983 9944
1227 4591
7600 5918
4129 191
7546 9623
682 3373
9996 1476
2397 629
2540 9294
48 6364
9777 6631
3727 3553
4387 899
6647 1572
2211 1205
1069 152
7057 4676
1323 8163
8320 5094
1214 3833
1765 1076
8683 4025
9993 9078
2547 646
6363 8416
1426 3604
9184 6918
6972 1612
1369 3726
1039 6771
2324 2584
2473 6702
9601 8145
6575 5416
9267 314
6623 8594
4617 2667
9868 3604
6454 4941
8385 4322
3549 7235
4165 2411
7986 6040
424 4827
7766 6236
1228 5096
9144 9390
5048 1384
9551 1766
9533 6689
6426 3466
9041 1375
993 2231
3417 1960
9810 9393
8402 8073
9539 7991
6223 604
2424 9104
6471 4037
1090 9895
4453 8895
1895 7961
8803 2416
7780 778
4074 4501
5689 2684
718 2086
8536 1181
8232 6058
3987 4706
4374 9408
9783 1253
4959 8078
317 6002
2029 4116
7008 5569
9974 5239
1346 1495
7755 3980
8652 9957
2556 9484
1330 2521
4072 606
9125 2303
6566 9738
4338 8217
4635 9765
7286 4134
2941 7177
9053 9981
5447 209
4346 7683
8052 3225
4923 3257
1463 1817
986 8211
3061 1866
4099 725
7116 7821
6952 2760
7472 5631
7876 7367
7359 6614
2520 3769
7838 2985
1062 544
2278 7083
3785 1559
6693 2643
1289 2338
7155 3706
4010 8349
2465 360
9372 1025
8191 8632
5368 2231
1051 2257
5936 9057
5135 1783
4519 671
2310 6802
3491 6662
2728 7325
3513 4218
6305 1144
7927 2960
8586 3489
75 4412
29 9112
1570 4788
1775 8394
2142 9039
8201 8829
7562 7324
3259 223
1298 796
5684 7308
135 8718
5458 86
9443 3324
2556 6608
238 1010
8393 2433
6772 5087
7326 6910
8386 8790
3036 8500
2814 4090
2719 1297
2680 9191
9954 1803
3803 4098
8183 4844
2423 1205
2314 7235
3138 7001
7142 8816
1674 2098
2598 962
9066 6618
9907 5860
7243 1295
2827 9655
7116 7965
3738 5464
2651 166
8724 789
9191 4158
4621 9841
8705 8167
6345 3261
60 2231
5919 3570
866 3713
133 1897
3557 121
8772 2771
8044 3583
1835 9028
1799 9327
3452 5724
7355 9846
2820 6679
9326 3545
8541 1841
4016 5953
3014 5927
9522 502
9404 8349
3314 3651
1781 5974
8103 2262
4401 1491
4942 8994
4311 9446
4043 5876
5855 7428
4253 4702
7827 9332
4461 739
4074 205
1701 8972
7363 9134
343 1792
1485 9706
1236 5016
9425 3182
3061 3330
7306 2860
8934 7532
8775 2102
975 4364
1154 3554
2383 593
7597 3587
4289 4971
6773 9753
2733 1122
6565 8385
8800 9020
2967 5412
9365 7613
3626 883
5661 2170
1476 6137
7086 9890
1963 2032
5332 1600
513 4922
2125 922
3821 2248
4025 7523
6556 1113
1055 7037
5098 2096
1052 5497
9951 4809
9447 7454
4458 7165
4558 9935
3646 4919
3461 3419
1309 2619
6720 1406
8856 5905
1931 8987
5710 7589
2382 6096
6253 3571
3994 6766
4553 2831
4723 8794
547 3895
6191 5649
8849 9816
3166 5981
2963 2146
4281 8722
5095 143
6820 2121
389 968
4526 7002
4527 9967
4934 6489
2010 1135
9370 8813
8631 1026
1714 8646
1555 5152
6440 4067
4391 6587
6500 2684
3979 2903
4954 6831
3447 634
2934 5397
3610 2929
5779 3612
355 5521
6896 1162
5178 8275
3782 8372
9410 8686
9146 2968
314 9127
8449 6436
2894 3173
1916 6610
379 1466
3802 2513
2078 9604
3798 1220
5430 9876
7647 6082
9313 6438
9832 1233
8020 8292
7230 9624
317 5031
7799 5897
1393 3229
8463 9774
8249 4573
296 9
5135 3773
5948 7414
1276 1899
1267 3504
3694 1070
1677 8155
9484 5692
4006 5783
4328 6968
1479 1591
1893 3354
9522 686
6663 3767
4266 6193
6306 4320
9322 115
2736 2568
3396 5100
4075 9877
1108 2733
3511 9088
7699 8810
3680 8033
8744 8370
4671 7750
1962 1766
2270 5744
9799 5515
9613 1390
3713 9133
998 6637
6188 8309
3632 1740
6212 1249
3260 3541
8548 7521
5032 6355
881 8774
1824 802
3028 9912
4121 6282
5191 7373
4559 3996
5556 9373
9709 8617
4974 978
153 1661
1662 7302
660 4052
4731 8302
824 9300
6423 8823
4231 2392
2858 7255
1897 1982
5426 735
6277 5026
492 7805
3899 5672
7041 9161
9462 9515
7572 4246
509 106
3350 1635
481 1981
9815 2171
7040 7288
46 7521
8509 4824
3571 6040
4234 4547
2295 2964
7509 6308
6359 3916
9478 8469
4955 5066
4993 348
9002 3081
2538 273
1870 7712
4748 3807
9330 6616
3295 509
5454 1240
5973 4111
7910 8353
6060 6831
3985 2027
6083 527
9713 5839
7257 5665
2538 9633
8925 2321
537 3875
6688 4206
344 9287
5565 9820
9083 6551
6485 3911
5580 5446
3579 8316
9375 6889
9991 6691
5179 7646
8741 9868
6159 9725
3902 6580
4438 3914
5524 7895
8349 3500
8685 5712
9338 6757
5127 6537
8913 4919
5025 1279
7981 8665
5674 2855
9574 7323
9642 4526
9330 4173
7262 7278
2551 6481
3313 2637
9007 2867
6327 9529
3982 2502
7488 7354
5754 5837
9800 1194
2572 1506
9422 8576
48 7256
2033 4561
5872 4584
2274 9080
8244 9967
7837 71
4924 212
1701 4591
4442 564
3962 5979
8243 9646
2607 6919
2075 9917
5475 7684
4996 4334
1953 8934
1223 9724
8799 513
2389 4665
2754 1954
1267 4835
9874 3550
6696 3985
8580 3652
5739 2236
6337 7122
5894 6163
2861 2042
8683 5877
3159 876
1900 5085
9895 9988
1537 1725
6901 84
3166 8770
8527 1871
6532 8744
6881 7229
4805 3818
4229 4670
252 1460
1530 5689
311 5623
3574 4361
8972 4471
3412 3476
4244 6415
6344 420
2767 4677
8733 8437
8336 5023
427 2794
9274 754
5994 8773
7897 9882
1167 7179
313 2619
4417 4532
3488 5078
7872 2695
9653 4056
8543 7915
5174 6719
2108 2183
3082 3835
1429 7004
448 5479
6217 629
200 6971
1455 5139
9513 249
8294 2282
4495 8800
9641 5871
2025 7510
1825 7270
8615 6770
8945 6332
1036 7669
729 9420
7035 5868
5463 6327
3384 1993
875 4423
1673 2103
9528 9739
7568 4402
2807 4592
742 1532
5185 1806
9372 5093
1792 5355
2831 5460
5964 5468
9762 4773
1313 9550
6902 1633
2454 6452
8159 6689
5369 5793
608 7272
3042 3812
5940 683
5096 5515
9705 1458
9902 407
2689 6664
1910 4430
7941 6661
8726 2513
4408 6760
7336 4161
5564 552
3563 975
1795 8877
5350 8632
7196 3927
9982 8997
6744 2319
5934 2967
3188 5188
7242 8282
2746 4457
1710 6381
5057 325
8999 9947
3286 9187
3502 6336
6169 5222
5170 5158
1179 8787
8545 8893
7469 1711
717 1580
1411 6292
5746 5363
3091 4872
9868 5161
1520 3762
6245 8729
6068 7507
5432 6145
7463 1486
4191 8799
332 7651
6166 6127
4322 4164
6125 6071
7758 2813
9580 5719
3272 7954
259 5474
4811 5347
2384 3484
8697 7840
1252 6681
9516 4925
3242 9538
172 8043
5235 4230
249 4062
6735 9783
1650 7675
5104 1960
7661 2510
5703 1806
7349 7880
7898 2269
1465 4507
4828 7009
7303 9907
898 3170
6223 138
6041 8844
7942 3732
422 5909
2499 7915
572 6763
256 6492
3464 3223
5278 8783
4241 1758
8940 9466
404 3092
6996 2436
5636 9830
8275 1742
534 1369
4851 2553
8965 1459
7797 3000
2207 2269
9502 8227
5333 672
5332 9172
5510 8380
4915 2205
6517 7012
6148 7801
7730 7846
6524 3131
5049 2866
7794 9623
8415 382
5008 3498
4481 9601
3946 5153
646 9622
4060 8849
2597 6003
374 6039
7381 8065
1546 445
5272 8999
5588 7553
5659 6363
2068 417
2340 1800
55 2950
48 8899
2068 212
4648 3325
824 5139
7735 9075
7899 8101
4644 4466
659 2389
4979 8949
317 8926
677 2308
5392 6313
7934 7012
8202 5686
1022 2005
48 7735
7176 2613
7305 8805
3796 7506
1883 1236
2714 6245
7321 6740
8738 6355
2740 5500
8153 6119
7344 1132
7940 5679
8172 3532
8717 3724
4768 7345
725 8180
6984 8353
2040 8967
3545 7072
5596 900
5699 3636
9411 1355
9480 6121
6944 8225
9155 742
6982 6448
4060 7884
2896 2830
4487 1841
379 4826
9065 3939
6511 1614
9907 9588
6782 2406
1186 8572
8778 7051
5953 4911
6591 3022
590 4730
9312 3920
423 6091
5835 4697
1247 1039
7640 3445
7368 4078
7139 8069
2276 7366
6676 3663
5825 3303
7296 6091
5583 113
1191 6907
5825 6515
1501 258
2788 1526
3829 1774
7577 950
260 6222
8012 2937
5428 2059
1937 8300
4596 6120
9841 1833
4277 604
9336 9022
691 7576
9719 9032
4650 6938
5731 936
910 9411
6578 2348
8833 9699
1783 3042
5484 5806
5961 4279
425 8283
2354 4040
6181 9369
9046 9760
8033 3431
7645 8414
1806 2075
1046 7873
2372 8726
4672 4471
5450 9400
1820 5004
8232 4745
1697 4005
6429 2516
7849 2456
3966 8171
5726 4793
5751 9800
6309 1052
9677 5099
9236 7736
4280 6731
7582 2542
1756 9041
2407 3214
8101 3399
786 5306
1259 6776
7723 9972
500 9867
2779 6960
1575 1696
5692 8750
1646 9934
893 5740
1082 7058
3355 7825
1779 171
8004 4178
9199 7843
1011 8670
9229 5610
8026 9174
7973 6002
6061 9734
1652 7913
4919 6858
8236 8391
6896 5915
490 295
374 4126
6428 6185
121 2177
2987 9610
8914 843
9546 5638
7000 1200
2073 1995
1707 543
1817 2193
7827 8438
4655 9627
3292 446
6531 6542
9045 4191
7331 9958
6929 6830
5698 6254
1758 7427
4075 9382
2778 4754
3754 9726
730 3137
1756 5718
2660 6181
1796 4221
4460 9414
5432 2178
7228 4234
5148 5488
305 6872
6551 3330
2892 316
6111 4501
5998 7927
7925 2641
6083 6720
914 5221
4629 1008
7618 6296
591 5969
6397 5594
5358 5372
4405 3848
8593 5280
2835 4173
7829 1478
7398 4533
9211 762
9185 6101
976 1708
5843 2435
4653 1972
9686 1194
9696 6262
209 7267
7680 8794
2747 1972
3468 7523
1535 9408
5862 6793
3443 751
5414 5194
8497 8297
977 178
6305 4028
4571 1758
3715 8567
1590 2879
823 4876
6796 1507
4782 1379
8264 2226
9804 9166
5663 8338
9975 1140
8610 7810
1896 4134
3337 1646
3032 5762
5682 9044
5582 5477
4834 349
6752 7475
104 7110
5899 1061
9951 6290
9988 6987
9792 3323
8300 141
3640 4494
3392 6211
3862 9151
657 3501
594 7222
6256 7819
2388 6981
6696 6467
6868 8686
1471 6953
5251 323
8870 4677
146 2118
6638 1834
7373 9666
3587 9982
6057 1010
3727 6809
1710 2528
9111 521
6321 5165
9689 5944
4666 3284
8468 9030
2267 985
5381 6509
7654 536
9389 9707
512 202
9679 814
5133 605
5009 1802
8806 3201
2209 8360
8301 8454
9636 2217
2722 6767
8324 4190
4733 8537
7177 3046
138 7213
1746 3259
3481 299
4568 8457
3515 494
9007 8454
2897 2668
5699 5900
7755 7221
3911 6295
114 3906
2351 6631
3696 3819
3609 2676
6358 2259
2883 1450
6549 5285
1363 5606
3507 716
6653 5104
8214 6278
2365 2323
9990 2689
2543 8940
7547 5643
7387 8952
6793 6561
277 3117
9933 8557
5006 2289
1246 5318
1259 8044
7981 8586
4647 4537
9194 8127
6617 3344
6908 8421
2956 8335
3618 4420
9056 9902
8503 9914
6198 2029
5086 7184
4864 3353
1906 2288
1139 196
4360 3748
6442 6204
6394 1528
7084 1727
1608 4924
2899 357
7840 1135
1827 5748
1077 2250
5769 2180
8609 470
69 3644
7791 6108
8181 7993
3056 5921
2523 5572
5756 7100
2622 818
9351 1879
750 4551
5024 6643
9059 6928
1402 292
915 647
2116 2758
6770 4310
9823 9497
8302 9930
3831 9381
8080 8413
3492 5135
1798 9964
8680 9108
5007 4555
6991 9214
2640 66
6305 9848
9145 1890
803 8136
2094 4715
750 3573
7706 2267
4617 9874
425 1316
3302 1683
4256 9129
2403 1357
7618 7750
4905 3702
9966 5882
3702 6803
5623 6569
4109 6362
8280 4010
2697 315
5162 2872
7615 4141
8982 6736
4692 756
1284 3855
2198 8297
496 3274
9418 3785
2828 9730
4179 7026
2473 5866
2462 5712
7389 3496
5190 6236
5287 2032
422 9781
8670 7498
6961 6519
1613 8961
390 8133
1792 2853
9512 8977
8068 3428
7489 1258
7774 3606
179 5050
6917 5365
7111 6470
1307 1983
9508 8302
6726 3667
2160 4752
6157 7154
2919 9940
3394 4074
8344 3349
219 5916
5114 2652
8853 2006
4485 4022
6421 1857
5132 6042
9800 6783
4256 5565
3309 4578
5186 1794
2528 3511
5993 216
5453 5230
555 807
3943 8714
8871 1187
5864 4623
3595 2400
7793 8325
3412 5088
6794 4868
7801 7855
3248 82
9678 5661
6406 7537
3029 1237
8808 2279
1643 3698
982 3092
628 518
349 3777
2986 7821
3025 8839
4095 6052
1449 3997
9371 4569
9125 4849
9445 8371
8795 3928
9141 5200
8903 686
2234 2445
9197 6868
1028 3251
3758 2165
81 4245
893 6157
4250 715
4512 7667
865 4832
710 4824
3377 2146
6705 916
7758 662
6533 7156
6109 2462
5770 2562
212 642
2224 250
2134 5198
9728 7350
3257 2530
2066 7064
6305 8176
2838 8152
3932 4188
8505 2145
3639 3891
3112 6822
1397 9447
5402 7327
7955 9106
4503 2237
2586 1550
9797 3717
3902 5037
7791 5795
185 1887
2911 3593
6739 44
6272 6848
2076 2116
7059 7924
812 7543
5592 9371
6898 1177
7812 1307
8270 954
7121 8551
4402 2221
3690 8199
3413 9589
9753 3960
3994 8561
235 7895
2077 3721
9824 2768
6077 337
8542 4289
8372 7180
6124 390
782 4671
9806 6455
9899 5908
2308 342
8890 438
3978 6851
8024 8089
7403 9025
7625 2935
6841 4393
4398 3800
5227 4434
9267 1950
8987 2582
248 256
127 888
3233 5763
5676 8402
9966 2172
3301 2178
6018 3272
4867 7165
2178 4497
2987 9948
6142 1600
9582 2435
9148 25
5200 2092
4198 1622
3156 7824
2366 2859
5020 6624
7755 491
3211 6295
7592 6338
8775 3515
5980 5884
4217 5603
9368 3952
799 6575
8295 3197
3168 1764
4072 1625
1744 6055
3284 5985
604 6514
4723 4788
6506 2363
6154 5008
4140 8021
3034 1044
624 5538
3108 7958
6093 3339
2224 7060
6321 4453
3694 1582
9065 7450
4015 1299
3072 2788
9150 3670
7419 2793
3336 9570
6643 2573
1152 8357
8034 238
1331 2026
8618 4480
1737 5833
1170 4298
8067 34
5832 3037
8284 7157
5475 415
269 9146
3356 9277
9097 8121
2224 6909
906 1612
1180 4615
8253 9913
723 2243
5848 336
571 4015
7924 5833
3925 3286
6027 832
7827 2569
1175 9518
6092 9995
3820 461
9860 4822
9075 1866
4017 3118
1892 5800
3427 5903
369 3401
5154 4882
9704 8771
4114 2125
28 9659
2943 8861
6 9655
1844 5450
3300 2655
2708 2186
730 3416
5701 8998
3161 4606
4788 392
8919 572
2617 7831
2552 2247
97 316
5334 8345
6242 3632
303 8520
8566 1687
5850 90
366 4710
9894 9886
4294 4368
1294 5947
5873 4512
6132 2398
3797 8766
3870 2303
1449 3831
9384 8937
4469 1783
4700 9988
8346 2595
9351 5551
1597 1768
9937 7643
7382 69
2121 5290
5093 8208
2671 9786
3233 8319
3353 6839
264 6693
3153 5169
1887 7714
6654 1170
4998 5620
2026 9618
765 4597
7237 8716
7790 6660
6606 195
4141 2224
1745 5293
5787 356
6302 847
7326 8935
767 587
8621 5639
8881 2958
8564 2011
7614 2025
9664 53
4297 3668
7503 1727
9018 9987
12 5381
1731 1519
8213 6364
8442 8495
273 1770
8053 1721
2881 9881
9010 5587
8139 9693
1937 5123
1827 5416
9655 8256
4035 5078
2740 9650
6142 9739
7894 1526
7758 1385
420 321
8993 4118
8765 1372
3095 3333
2324 6691
9543 7075
9179 7740
9208 9823
5784 5849
7795 9357
1837 6659
5217 2346
9720 3619
9858 1053
1359 9567
5465 5981
4074 5121
6763 7095
5270 8672
5724 7752
864 2372
4322 119
7877 6941
625 1257
8617 8519
8878 9125
2237 2153
9162 4058
5897 8493
1548 8550
828 6874
3849 2017
2441 9978
2719 5544
5856 4885
6352 6666
1277 8443
4344 3690
8812 7053
8393 5439
7294 471
2393 4403
7893 7101
8099 1851
9196 4816
9127 4999
508 7169
3547 3164
9937 7139
5226 4597
6406 7252
6974 9709
4175 3488
4430 305
1225 1057
761 9222
2077 5591
5327 7002
1867 2222
2728 5105
2137 7311
5635 17
8317 8277
4986 1246
9800 2925
1557 7416
8176 9197
5087 7676
7021 6277
9653 395
9114 4900
9753 6408
223 2210
4677 639
1889 1443
2297 7864
7689 3184
5459 6301
9499 8336
8981 8404
3724 620
5697 5616
8100 6951
8821 5417
4969 6831
1416 2756
8385 5947
8363 5464
9414 516
2211 7244
224 2571
8704 2590
4262 8445
3164 6889
1718 4502
3301 3018
2461 4594
6547 9576
4720 7805
1825 3481
32 8891
4006 5582
2322 834
2397 1568
4875 3659
1972 6929
5825 189
4738 3672
1185 6210
5505 5080
8069 347
9306 9200
3844 4699
6179 8009
2245 6154
7483 8878
9014 6690
1011 1543
6777 2723
2477 6860
9396 3739
1147 8974
2607 695
6060 1119
9120 4715
1873 4150
6293 7523
6390 1966
1030 6591
5172 9893
7316 6239
5308 3056
8529 874
268 2201
297 7053
3964 7211
3042 2437
9183 8619
6938 3487
4841 7017
224 5147
6023 1334
2611 483
5726 6197
1946 4530
7387 34
3611 945
1862 2107
2615 1269
6408 4373
8980 369
4299 9575
6729 4746
3042 6683
5934 6024
6579 1141
2385 4244
4188 64
850 4652
3803 517
2855 5821
4220 7011
5606 3239
2778 6269
6849 3457
284 9469
3355 686
125 8330
1360 4355
6314 7628
6221 744
8485 9034
8620 2749
7967 7195
6529 8935
9229 4494
9127 4438
8173 1025
6302 7534
7330 949
1414 4941
6575 6696
386 1292
4869 7684
1409 3890
8816 474
3391 7818
6211 1456
4000 3212
3562 5041
6261 2915
1437 1243
5559 8729
2845 3028
6863 52
2529 966
7946 1160
3258 8912
9903 2402
6231 6459
5016 9342
2863 5569
377 8444
5555 8608
1858 1644
875 4862
5135 4189
6423 8943
9881 3257
7853 7853
4701 3419
4476 3628
837 1098
2059 9728
1438 9049
4998 3124
1925 8254
285 7019
6929 1450
2196 2161
2121 3055
4445 3289
8025 3501
3076 9802
9604 6985
4473 4220
1143 9177
4289 4074
1617 429
4181 4140
6432 8137
8111 2613
2228 5281
6399 6040
7447 2845
6947 7591
1816 2047
3465 953
8669 9500
151 6776
267 2604
3121 2789
6324 1132
8699 128
4126 2035
811 1878
6264 2201
5171 9942
1577 5601
7029 5546
6402 1358
7631 344
9590 6274
9470 3097
7165 9819
5335 4230
5086 6944
7120 9119
9173 9314
2683 8677
3622 6427
2974 7873
6340 8837
7790 2694
1506 9206
2635 9831
960 3938
4937 1483
7790 116
1284 7912
1645 3863
7981 8521
8985 4347
4017 745
9293 5425
7961 6476
5939 4690
1792 3917
4819 525
115 5434
2060 8027
1227 6426
6258 3503
638 3694
1142 2814
3102 24
1335 6558
5447 424
8733 1857
1563 3469
1800 6276
4851 6814
8010 4847
3852 5570
2858 813
4091 4954
5821 1736
1830 6891
8777 1569
1906 3346
7864 6542
2713 24
356 8064
4817 2305
3757 1743
1014 3244
9453 5330
3533 5302
929 8321
22 6693
5594 7434
3899 4378
2622 9126
6529 3966
657 4282
6275 2194
9919 7715
8285 7419
9412 8398
7925 8785
4638 1437
7931 2635
5162 8898
4251 8767
1655 4359
3101 674
9676 3433
2259 2141
3850 2920
8536 7651
7445 1881
7902 266
5865 8039
2107 4526
4555 7815
2603 355
5983 8158
3516 667
1604 4609
3393 9189
7319 9625
3209 78
5006 4309
7409 4823
7056 5784
826 8684
8381 4957
4212 6610
2894 4634
960 7413
8616 9271
7460 6900
5727 6148
2718 6883
4716 8465
5220 9668
7701 6093
536 6322
6813 6385
8892 2877
8220 6914
2224 1638
5034 8020
2480 2698
2910 7456
8656 7093
3556 674
5103 8195
7953 5494
9706 5187
4357 3863
2345 1297
2145 6486
1521 9086
786 3558
86 1520
7487 3102
8852 5079
1481 5973
5661 3630
8268 295
1680 5676
8968 6079
9548 5327
56 4791
9793 2003
6406 8831
4734 2452
5753 7372
9773 9769
1864 650
9478 1795
11 2869
9638 2762
9384 2012
4824 1082
8990 4380
6148 816
8892 7536
5342 376
1057 2640
2904 7368
3837 4358
6879 9184
7186 2136
3740 9552
8009 3440
3263 3649
2766 6399
5973 4622
68 6538
2524 2893
1969 9840
8028 3421
2952 6988
657 9274
145 7184
2181 8326
4726 9604
5359 1641
8691 9252
3823 1577
3930 3545
4550 2104
2126 7168
9512 4958
5605 3565
2547 1326
4290 3307
6328 6235
554 6984
8642 7563
5824 8523
6414 8878
4602 9182
6034 1324
9797 4884
9799 9391
8492 3025
4582 3787
277 9470
5134 1345
2101 1153
7342 9425
6695 4133
3440 5129
8420 4352
7858 5724
9804 9333
5727 4739
8977 7983
4131 8837
7282 3848
3023 8138
4247 3887
6140 3733
5804 4008
8413 5355
4159 7146
2552 3867
9745 5960
16 7793
7161 9143
254 3633
8155 6281
7253 2288
4046 3544
4404 8164
2823 6955
4472 2501
330 3258
4493 4016
6034 1134
7349 5864
3884 512
9597 5498
1729 3211
808 209
9133 4960
2810 3027
8403 705
8449 4890
3328 3770
5585 7369
7257 4629
3530 7663
7185 2345
6200 8415
9076 1503
7653 8623
8798 18
1243 1099
2266 3495
2957 7921
5671 855
3928 270
3279 9931
3561 5670
2384 6299
1055 7487
4668 8476
1 9821
6420 5847
8572 7379
6536 9086
8434 6230
1504 3600
2464 8325
4452 8321
4154 825
8117 1337
6534 1544
4092 3316
6570 3981
1813 7394
5070 7056
3060 9351
8374 2466
5921 9169
2253 802
9542 778
8498 7297
1370 3351
5828 120
880 8785
7113 4213
424 2454
4540 98
5651 3458
9634 4048
8906 651
475 2039
7914 8319
822 1188
7210 3624
396 2758
1060 9477
5906 301
8682 7795
3433 9255
5324 7371
7205 7452
6066 8487
3625 9110
9649 9850
2954 9596
360 8322
4418 2227
4882 9543
9948 5210
5525 3292
9071 7342
8561 8465
1701 9924
697 8045
580 8269
4013 3367
4626 6214
1597 3152
127 7250
4500 6449
5980 9968
876 2592
7343 5876
88 1354
6359 5592
2023 7807
8826 9115
2056 2112
2811 6575
6721 1482
530 3383
4652 7034
5781 3260
1015 5576
8113 3790
2137 2261
1165 8513
4511 115
5736 2094
2531 9070
8780 8981
8802 8426
7541 6492
7407 7334
7593 7346
8893 8496
159 3141
800 3724
5910 4281
1982 7922
5276 919
3045 1994
651 7335
1841 6562
6620 71
5381 2595
4309 2467
2449 6692
1329 224
7803 9879
9563 2258
4660 6402
9222 7303
519 3985
2598 2007
961 9786
5555 3382
4745 1611
3182 7580
6136 7607
7648 3136
7572 6337
7927 6802
819 8895
4833 2066
2232 4427
5277 690
9194 7964
5389 6214
2621 1466
5420 4522
1500 5985
959 1574
8309 3578
8591 7387
7641 1220
9088 2012
6503 1662
1593 2023
272 4593
9642 1512
4361 3169
8983 2087
1494 1890
756 9335
2458 9280
1538 9864
596 3453
2639 6207
342 1399
7983 5952
792 8187
2928 1178
9196 1196
9698 276
9597 6857
7532 6292
3796 5423
2030 2923
395 3143
3315 4069
7795 9828
3899 2518
8717 6476
6045 3064
1799 4015
3726 9588
4453 953
3617 5664
8810 5744
3237 5755
216 7017
8747 5407
3271 4987
9310 8211
1214 5770
354 5206
689 434
3974 11
1731 2465
1725 2230
5858 3316
7526 2041
5393 3925
3095 7681
8306 2333
922 7582
8654 520
829 831
3958 2804
5817 6599
5460 8710
4799 721
7750 8284
5835 8724
6657 1743
6208 1975
9275 7982
3422 8229
9224 7385
7995 3941
5144 2374
881 718
622 9461
5262 1816
7511 835
6886 4239
2851 3145
7033 1999
4482 7505
3852 7256
6350 9791
9636 6907
3604 8782
832 7203
8449 5474
9326 3539
5565 7075
5367 8816
7227 6291
8627 7607
2425 3158
9009 1483
6676 191
6748 6008
4555 4561
4536 6416
4892 2162
8993 1180
8542 121
9155 8978
7003 3521
5022 6662
5176 4101
6822 5096
3997 11
1644 1380
860 4470
9674 2938
3132 5376
8434 268
3949 4658
2702 963
675 6593
2906 2548
6155 9565
6103 1099
4319 1122
7666 6582
8609 1954
4577 4628
6034 6923
8541 633
5028 2147
5175 6354
1032 6862
7355 4003
4758 7010
4209 3560
3626 5064
2559 4091
8373 1256
905 4055
3463 2686
8109 3167
2519 1654
2045 5169
6398 875
9109 2197
1131 6091
5869 4912
9900 4653
3299 7134
6928 5172
6483 4135
4373 2580
1006 1465
5376 2632
7663 4039
2411 8891
2959 2504
4410 8587
594 2727
1261 9364
9084 8827
6845 464
7215 9713
9101 4994
4317 1110
4496 9923
668 680
5145 8504
6973 6550
6203 6905
3310 7361
1066 4869
5856 3853
3714 1490
2399 2519
8645 234
5514 5793
5754 7445
1490 2816
4870 5071
8042 2804
9865 6447
8530 7373
5685 5624
8092 730
6032 9190
938 8579
2118 282
4833 4765
1344 3978
4148 1009
6216 3003
8933 1395
4752 278
1000 4061
5675 1923
6952 5183
1593 3568
802 1511
44 5315
5667 3282
5803 3553
4190 6622
8185 7254
8966 9752
8869 6464
6836 4419
4710 6967
7203 7944
3095 2077
8037 9994
9854 7166
1991 723
1246 2134
3065 4199
9516 306
9791 5310
3936 919
23 4516
9833 8854
5066 9268
7140 1761
1889 3532
7632 4546
6868 3081
6203 3254
1687 9390
2284 7150
5831 9848
2046 9638
396 6053
8892 5903
912 350
2713 4389
2715 3310
4215 1158
4841 5900
5206 3000
8805 5634
1673 1828
8445 745
9353 2839
1332 167
7494 9482
8226 4476
6914 7549
1272 109
4822 1034
274 1983
2576 5955
5924 2131
9775 1098
7488 9499
6313 3244
935 6834
3876 4800
3826 5675
8871 1523
1737 1855
6583 4590
6843 5207
581 2482
2433 4421
5255 7490
4282 5572
8050 141
4509 8701
1928 2912
4130 6323
8009 8204
4343 7071
8963 5551
5173 7980
9208 7748
48 6517
3293 2908
8708 511
4903 3570
9249 2556
9341 5425
8248 1097
1081 5194
4655 3329
1330 4468
800 9055
8696 5315
7493 8074
1401 3884
9342 2569
2945 3593
120 5089
4378 9921
3249 3020
801 6617
2100 5451
1246 5702
1457 2813
6747 9145
6675 7783
1368 2024
1621 5933
2359 3437
7295 582
8878 3438
6346 2030
3048 6307
8089 491
732 3932
3381 8991
3448 5664
3516 9515
7745 9721
243 6396
5374 4648
1103 7553
3787 7192
5358 5645
7407 7080
8842 6134
2767 3188
1599 909
183 5668
2864 1137
788 2423
7361 2933
271 5445
2978 1326
3142 5182
7386 9972
1841 2406
3183 8957
8394 7030
1536 1752
5866 9554
8042 1206
1424 4962
9352 8785
1891 878
8585 5763
3788 670
7960 2801
7858 9392
6104 7362
4407 5636
6817 2187
8434 5498
4525 6677
5330 4141
2812 493
736 1341
4847 6289
8105 4996
1784 3575
5677 3121
5095 2242
1356 5231
6353 9612
2981 813
4086 5043
6077 8420
5465 8443
7754 4628
9878 2875
8365 927
2376 7403
2673 332
6673 8890
2542 9566
2170 1892
3987 3723
2456 9837
7779 4007
5402 1459
5363 1354
9105 7576
6563 1672
2189 4484
2554 1980
9215 6043
6027 6945
2423 5958
2549 6701
4468 7705
7472 694
1941 8735
3499 4049
1415 9033
3918 3255
4254 3505
9018 2701
4517 8259
8690 9968
9494 4517
7966 1042
5235 504
4394 2969
1891 1755
3500 2031
7856 7664
8256 3152
6062 9732
2621 3467
2616 4587
7729 9014
8871 9700
532 8132
8195 1025
4431 3645
4578 3873
4399 6113
9211 9145
1706 5700
9168 8001
3842 4873
8922 4345
2655 6291
6470 733
1845 7831
6835 1934
7472 3886
9824 387
5175 2903
5783 9667
6847 8253
7132 5929
3227 8169
6816 6325
2805 6660
7213 8146
8597 5631
736 8424
6114 6890
8359 9504
9057 6081
7494 2801
3393 9464
9093 2579
9109 7348
101 2955
782 672
480 3674
3106 2320
7090 1817
3647 1269
1999 1296
1807 2221
8903 2290
3477 5853
1944 2617
7282 6706
6998 890
268 9937
1848 7433
17 1033
4190 516
6668 2315
5412 3768
4707 6809
4304 4540
5999 7274
4054 1735
1908 7870
5447 488
7896 6860
1577 6769
5338 8877
3290 8491
9822 4106
8946 6231
4035 5389
526 4289
3156 2824
7222 6487
2194 6256
747 4369
5450 5145
6506 9761
2117 9313
7309 1013
7324 8382
1523 5175
3776 7004
6419 1902
6555 9166
2899 9840
7963 5972
681 3014
1774 3538
8036 739
7066 3939
9127 8116
623 4876
9176 6525
1864 701
2990 3374
7112 171
530 1003
8637 6338
2980 1815
3577 2165
8466 5731
8634 2799
6215 2788
7533 5758
3849 5753
3028 4652
477 2649
9569 471
7180 3461
3009 320
596 7182
7576 6381
6897 8056
1596 6639
7900 1953
8769 7870
2818 423
5688 1219
6202 7670
8932 4906
2262 9408
3545 3246
2054 4939
1571 8930
9563 5229
4344 3534
3534 1909
8151 1604
2200 4091
4380 721
5779 1800
8032 8172
4635 5432
5177 893
4484 1128
6116 7976
4629 7784
2994 5287
6593 5098
6349 3308
6958 9709
6220 364
7754 1868
4882 7634
9901 306
7596 5703
7856 2308
8112 9689
7143 1607
7717 4252
8121 755
5759 9769
6021 4449
50 4567
845 5525
7068 9998
1828 8989
1594 6013
7483 1520
6812 9648
8493 2854
7145 9074
5139 3598
1968 2552
7454 3922
8417 986
6750 354
9628 9527
236 872
9386 3624
4725 9507
5127 5418
802 2753
2496 6861
9363 9390
6513 9167
5236 5819
2546 9869
6019 9978
1531 4107
6276 539
9201 18
297 9980
1311 9324
9135 2186
9926 937
2838 9845
2954 8667
107 6104
7317 518
2362 6426
4092 6262
5154 7953
9537 1755
5822 4512
2526 9827
6305 9959
4671 4024
1509 3525
8043 9639
6416 9281
2834 4351
6610 7850
135 3036
5452 4293
4393 7493
9603 6006
1568 2200
3414 6868
1339 6906
7846 5809
8412 1691
3161 1480
6695 955
5307 4778
9117 9446
2995 3590
9310 4660
1191 9794
6131 9623
2713 5221
1919 1098
7785 1903
5286 7194
9778 263
7990 3226
5142 4339
8582 926
8376 9553
8001 4165
9829 6594
9081 8369
2789 5778
6605 112
5665 4922
8770 8571
6673 643
5011 118
676 7018
7336 5796
1067 6118
1330 4835
2820 7175
6272 6286
4460 8794
6537 1013
4361 1318
6424 6016
5571 925
2509 5672
737 4055
3102 9531
2040 5420
2648 2954
5317 5240
2160 7937
2416 6245
926 6400
9206 2263
7403 338
7130 5833
2163 3025
2685 9037
2871 5947
6882 3412
5308 6854
6444 6681
3083 2173
5769 1708
5608 7142
9723 5623
1536 2500
6841 7560
9032 7871
1174 801
3669 4132
1986 8597
673 7203
5968 6010
2988 2344
5229 5360
2135 6047
1545 6033
1805 5464
6678 2889
990 9012
7024 1074
2499 3738
6835 1147
6696 7388
7072 9134
5354 6407
3682 6859
9718 967
7311 3156
3021 3508
7520 2772
4245 1526
5610 89
7962 2913
9522 8075
6568 591
7616 1489
6306 4223
4426 4071
3972 1837
3294 3805
4135 7236
9452 5122
4977 7780
3028 6516
3796 4525
5305 5936
6581 4664
3246 141
687 5032
3880 3135
7544 5822
9080 7641
3665 831
2365 2889
1519 7370
804 5570
9932 1718
8190 5527
4357 1816
2236 1452
9250 8313
1617 400
8291 839
1187 2531
4361 3801
9966 5041
3508 4711
3885 5557
2124 1480
7165 288
1243 1792
1066 7109
568 5963
1679 4816
4676 821
9047 4369
2845 7350
8735 2028
9058 2834
343 6542
1326 3313
5810 9048
4453 5747
5602 8158
9932 24
4808 3479
8718 2579
4105 3076
9309 2690
5090 4102
6177 2737
2059 2952
2575 4571
4532 9164
1500 649
4024 2668
9353 9977
1492 1518
1194 3555
5091 4499
9480 9059
6004 75
5374 7335
8990 3669
1865 6686
5220 7576
7137 6994
254 967
1601 1902
6169 4706
6422 9215
3161 7471
5143 5701
9077 7478
3152 2945
6684 4632
6822 9162
3827 4266
3239 1434
1596 6659
5460 8015
8788 205
7244 8663
8463 7296
3667 746
8463 7206
1109 7867
5407 4880
6821 8628
1780 9860
2457 2749
1320 3459
9309 1190
564 6564
2123 1665
2429 1375
2053 1655
7070 4283
4153 2157
4316 4160
6623 811
5795 8156
7041 2980
5053 785
4062 3907
658 905
7943 4786
1969 7595
9124 5269
2990 6217
2497 2984
1273 3016
9376 8899
9389 1464
905 4737
7889 427
6266 9641
9546 8653
7063 488
8318 7817
6119 6050
5820 4985
4346 3196
3278 854
8369 6639
4143 1704
9155 2888
4047 4710
1163 6528
3035 3671
3404 5167
7943 68
7522 1242
1820 6657
974 7253
2433 9115
1657 2794
761 8935
2004 1441
2887 8294
1622 9835
4127 8476
4791 9733
9928 6907
5001 2926
7166 4751
7412 6539
9737 5638
2152 9962
761 9934
5089 7013
1624 8987
6685 5088
8907 2583
8294 4712
7123 1362
1591 1918
1477 7811
2814 8836
8698 1590
4155 1958
3213 1281
2114 673
2397 7313
6225 4326
1441 8163
9877 353
1028 9375
7059 7722
7678 2769
666 6562
1060 830
5040 1192
7549 8844
770 2596
7570 8706
9435 8071
9454 4467
7171 9353
3009 6318
8321 8186
7866 9868
1897 153
3068 2523
559 4799
2297 3163
4922 6754
8179 8454
902 9075
7165 1967
3069 2077
8176 2800
3425 7336
1827 5806
7415 7777
4574 1857
1093 2142
316 3266
8747 9378
1395 5212
104 6291
8470 2955
9912 740
3332 8312
8807 8603
6506 806
8938 8031
8511 841
4078 2993
3732 3843
7025 8873
803 4728
7122 9968
663 4048
6567 2920
3734 5150
7377 9210
9428 5374
31 6604
7931 5169
4174 400
7709 8390
1246 8627
8772 7873
1258 1496
3184 1596
4798 9518
9300 7467
9716 5354
9512 8033
3477 8695
1000 7422
8502 129
9761 5093
8505 7154
1555 6022
7785 160
6665 3152
688 5753
4965 6616
4261 5901
7983 1223
9942 9004
116 9136
4941 880
9721 7267
4605 7310
4804 2304
5024 3287
152 4968
7528 8279
8778 662
5109 550
5619 9677
4882 9328
3667 5970
7721 146
7376 9850
8918 6960
4748 3385
1988 1898
7679 3947
1027 4720
186 1071
2765 6951
3994 5173
567 5086
6970 7547
2712 8860
5101 5337
6757 3777
3744 6873
246 6443
9862 9934
2749 3774
1502 5984
6207 9545
1363 4065
6837 8168
4537 5014
9719 6444
8155 4419
9703 5708
2782 2641
2456 428
5775 1940
5536 3162
4007 5845
515 2881
2154 8738
7985 8968
338 3672
8214 9709
8983 8707
5769 1013
4113 3563
4732 1295
5240 9479
9704 4989
5946 4212
7662 282
2660 799
623 4599
1520 1525
6950 2513
1485 6425
5982 7226
7244 590
4109 8513
2584 2187
3883 1959
6585 7054
4708 4725
4474 993
7346 7824
6310 9585
7431 5441
800 9861
134 9740
3375 9645
4020 5542
2376 8890
8551 3225
1734 665
2404 4427
9220 8232
6772 2624
844 3991
1296 1457
4755 5984
6712 7619
8455 8995
1358 9924
3416 6401
1365 6069
7429 7369
7834 3588
9356 5900
1637 5682
5452 1748
1502 6993
7642 8283
4103 2825
7980 3765
2986 8544
9979 3352
2508 4801
7019 3732
9193 4844
1352 5377
9330 6848
5171 8887
9244 7477
8316 4441
9157 2601
5100 6982
8931 1297
9629 8123
8044 1647
5417 6063
5170 3607
6331 6465
8531 2073
5063 2706
1269 5045
9125 6318
7098 3929
1036 8702
3484 8556
7958 1380
3199 9295
1402 5913
8721 4799
5844 9581
8706 9965
5156 5245
864 5320
3775 8032
931 2652
5371 713
3406 7075
163 4898
464 4766
578 1207
1339 7933
3690 3811
7471 3626
6895 2012
5851 4573
3655 7769
4409 7684
8269 8420
2130 75
5642 5486
1505 2294
4159 3399
612 7884
9968 5806
3120 1810
148 4945
3573 932
4125 248
1985 5935
5395 7884
3902 881
9414 3714
366 9419
5190 5426
6182 5915
1170 6116
4094 9470
4126 8218
7643 1400
5951 3025
5489 2896
1374 4820
7939 258
8203 3808
1219 8903
5308 4439
5569 409
4628 4094
4159 3469
8526 9228
3432 3036
7616 3136
1066 9486
4516 9838
5053 6016
6176 5828
1005 7548
9540 3651
8058 4988
1783 5281
2070 8722
9223 5041
9341 722
6250 1577
9239 1143
3792 9502
2267 6407
7076 1840
1104 9218
4965 5196
6507 7570
304 9429
3090 8055
3431 2314
1915 1524
8081 1126
4883 9961
5297 7793
8311 1191
2768 4867
845 1166
7299 1632
7813 7912
6881 8947
6104 930
3771 5031
6094 5449
7156 5015
6057 9463
1629 3959
1320 507
4838 1545
8191 6982
8366 7146
5016 3397
2146 2079
5763 3960
3500 5287
8979 6004
4077 9990
7086 610
5503 2337
2397 6731
7835 8371
4460 4399
6485 6544
3242 3241
7238 8226
5655 6473
7322 6107
7412 2468
1043 6047
3982 216
3133 3868
7271 4059
5833 9632
9132 5287
8501 1866
4765 8823
5404 7576
9584 6380
777 1089
8648 2977
702 5558
7647 1269
2300 8583
3205 6839
5982 8311
8014 4309
8189 6445
6970 4502
5248 1475
1205 347
8631 9222
2278 8129
5148 5099
8195 6463
4296 9871
7527 2653
6264 6902
3212 1611
1062 9054
720 9197
8834 4780
3613 6097
3065 5886
4175 1311
3101 9855
1854 5780
6603 9065
4595 5112
503 9071
8273 3756
5638 5180
9060 2474
5826 8315
1667 5025
8530 798
4588 5410
311 2775
1162 2677
1544 8847
2054 2233
4082 7078
4285 7334
7753 1772
1843 1577
4682 5691
6552 6141
8254 3336
1174 3892
2222 3145
8139 631
5076 6014
9021 9256
9461 3189
6032 9573
5742 748
4983 810
581 3031
3589 870
6639 3764
1518 2681
931 7696
5890 975
1544 3128
9784 3864
3992 1007
614 4339
8583 4690
1413 8433
3064 9379
8933 5683
4139 3199
7690 7778
4870 825
3005 2
316 734
7668 1976
3036 9458
8235 4434
5085 4416
98 6123
4431 4014
3468 4353
4443 4494
7092 1762
3798 608
3020 8378
3520 2319
19 7766
6614 1101
6329 6572
4458 3308
3950 1122
3154 6818
6487 8310
6327 6980
8484 9394
5250 3881
7340 1416
2849 5150
7144 4936
3841 1507
6596 2884
1699 7480
3990 891
448 8265
6440 3013
9394 2808
2646 479
1680 9816
9851 1577
5094 8690
9570 4138
3736 6560
9291 6902
2944 3692
3866 6769
5316 9277
3298 2312
1575 805
4109 4067
4617 5588
5558 2512
4890 1045
5806 4416
4143 7965
4592 7958
6124 6828
8771 2692
6371 4923
780 2727
5274 893
628 8118
7592 6287
7638 1264
5646 1470
8698 4127
8887 7162
7306 8838
3399 4852
5371 4035
5046 6943
542 3199
9159 266
8872 2817
686 3453
8284 7658
8913 8608
4956 8954
8989 4675
9832 9602
4929 6954
6108 4898
7913 9111
9141 259
8803 2941
4925 6569
4741 9302
4248 2450
7796 8106
9585 1705
7198 2483
2811 828
4642 5655
1710 4429
2966 5814
4605 1652
2941 8177
8150 6336
7022 49
153 8159
8136 8289
8198 7255
419 4958
1636 6001
3699 1149
1835 2754
9533 599
8257 8011
6559 3004
4304 7500
8108 8669
68 2559
2329 4
557 7570
3171 1879
2151 1885
9542 729
6939 6455
5012 3622
8901 4173
9623 7167
5897 5361
2993 9233
1731 2711
652 7140
9030 3814
8244 350
6106 9858
811 9518
3468 8442
1834 7589
4593 2278
6792 5720
9700 6679
3066 1750
914 1066
5453 8954
7482 5767
9043 6076
9485 9810
145 236
5548 4934
9932 9007
1495 8216
7990 2457
899 437
8588 5462
5566 287
9498 6439
1550 1730
2762 5972
5472 934
9703 7697
2178 6230
8020 8166
7023 8724
6071 2873
8141 3616
654 85
2480 662
8302 5894
733 3928
9428 4622
5554 1619
6399 5230
1627 5584
8395 5091
8559 6327
3845 532
7317 142
4734 4096
1185 6997
7716 5193
2506 9215
611 5890
5645 5512
1031 5534
7627 6831
5305 9686
8449 5120
9634 591
8387 8021
1698 173
8436 1759
1054 4796
3768 9094
6785 8638
7575 6067
3112 1441
2769 5372
7129 8190
9459 8829
8652 6542
6475 3822
7555 6704
5057 232
3539 4559
7084 9740
7816 7094
3035 8237
4215 5364
1473 4002
6086 6520
7989 2173
7935 997
2743 5637
649 1556
4803 7102
9936 3379
1868 8987
3876 1115
8263 7531
6856 4828
5747 1686
4956 1489
1961 7951
3666 4994
9067 932
6163 2318
6504 7791
5449 9010
6936 3422
5247 4249
1153 1449
9262 722
9427 9438
4312 8897
6754 9436
8719 1810
7673 2891
8317 4910
3761 5795
4584 6997
8558 9150
6392 2592
9907 2873
312 4369
8286 6448
411 106
9084 2352
2286 2833
4394 1029
3333 1154
8402 9846
3846 7339
7081 2229
4014 7513
4360 5946
4006 5508
8435 5749
4137 8778
4971 7183
2422 1360
1985 6650
8600 7133
6298 7378
9718 8775
8068 9593
4036 9340
9831 6901
5605 8527
2692 306
7817 3337
3688 6195
7379 395
9701 6781
6900 5093
8455 7624
662 642
9641 1121
4718 5168
3709 3664
111 7028
1520 1301
4273 9542
784 7388
1852 5399
333 1004
3010 8382
3681 2633
6756 9838
2283 9882
7115 4993
6121 9185
5943 4009
3610 7791
6427 3816
535 1988
1736 1119
9215 2596
3098 5418
7200 1239
2310 7937
6518 2252
9725 7286
2473 742
1259 3827
8574 3668
6959 4521
3222 7686
7081 7948
4482 5329
9679 2749
9212 1694
3458 5955
5584 4966
5231 9549
869 7812
6024 4670
1771 4459
9320 909
3165 3585
1129 665
7949 1262
1703 2635
8509 5809
3581 2068
9965 270
7123 854
9516 7663
6396 8414
5373 6094
7534 183
7738 1804
9644 5727
3354 434
9914 8547
4462 2424
5360 7078
6420 5588
5129 6346
1998 5574
4473 7513
283 5460
8970 2915
775 8923
7759 5418
6040 4653
6350 2856
5628 2774
744 9996
3273 8633
8075 884
7981 5140
6525 7312
9243 3602
6769 8758
7901 4849
9457 5976
2336 664
6818 707
267 8641
1281 2733
6679 565
8054 3764
285 8200
296 9341
5104 5496
3206 8618
837 1174
430 1639
25 4533
408 1379
9180 2872
8369 4001
4881 8234
5938 2854
984 7003
13 8412
3485 4601
7224 6586
1974 2556
1564 9776
222 5915
9040 1915
6558 2964
2774 9007
7347 4946
3621 2313
8310 1261
2884 8231
9624 7827
2138 9281
2404 3609
9448 4756
1248 7770
4377 9114
3503 3551
5418 9757
9990 6318
5107 4359
701 6016
2913 1513
6542 2034
2302 3814
7703 335
749 2879
3353 650
2080 526
6435 8382
2138 8545
605 4069
5408 9434
2793 4048
737 9605
6364 5293
1832 9581
5802 151
6643 7161
7394 8892
2883 867
2063 9356
359 9335
7431 4659
4858 1897
2354 7451
1264 3087
7743 6795
7305 9843
5063 7515
9231 1785
64 4777
5608 2224
6942 5267
2475 5062
7761 5055
6702 680
4233 3906
1421 5488
1034 6861
7924 4000
8949 2116
9174 101
8867 3747
3105 871
8632 4382
54 8067
6412 8007
4110 2707
2618 7869
6803 2081
8409 3500
6868 4632
7391 3723
6283 735
4661 3638
9642 3996
8105 5563
4309 4428
6384 5891
2892 1001
7141 4960
8897 4857
4903 332
5876 5780
7475 7650
6970 9989
5738 2033
1253 1739
5050 9744
5181 9053
2888 5058
4767 5788
1322 5587
1088 3088
7211 7788
7743 1594
8921 6186
1723 7328
7272 5247
1036 5665
8489 7130
5580 9066
5257 1958
9398 6275
7446 9775
1472 140
8140 9719
995 1726
3567 9514
5577 1263
7336 2715
5453 2920
2262 124
6561 6723
2757 8375
6145 2084
9541 5702
4237 2640
5386 5816
6660 2667
3824 5936
6570 8669
9294 7564
8555 1510
9408 1196
8877 2090
1292 6061
484 3946
9850 8095
8617 3530
3209 5879
7841 202
5653 6076
2690 8240
1620 3016
6120 1988
5548 6674
4444 4956
1587 4540
7249 5000
2890 5718
8261 936
5246 6195
9842 4329
7643 3011
1284 4194
9990 2275
3376 1921
8475 6039
976 822
6177 7076
4423 1518
5867 9885
2174 9177
9165 8495
547 8527
6648 546
2591 2246
3796 1703
1919 664
648 2583
7599 721
3360 8868
4188 1734
6437 7025
1364 7652
1425 6612
6141 2543
4097 5245
470 8316
3235 8047
9121 1697
3948 3990
8118 9113
1532 9666
4806 8683
6405 4951
603 1182
8360 6043
4053 1600
2144 1759
320 5834
6798 9445
1212 3503
4751 3732
2445 7653
3149 153
7763 8023
1419 1434
8575 8050
3723 7979
483 7510
1631 9214
7143 7113
4553 6777
5379 919
5048 2807
944 7387
7672 5788
5013 8899
3347 6098
1411 7440
5791 7317
1619 9398
1096 1633
8152 6342
4663 4678
9478 1217
1072 2466
1562 3177
3450 7590
9412 5045
7963 7517
2541 1806
3971 2369
2543 4131
1404 6927
1158 5095
7144 3042
7478 8864
7694 6794
1383 5715
9738 6324
9488 5708
3342 8356
6066 1341
8363 1195
2117 3328
7251 6967
5019 5559
3840 2542
6770 3803
2733 1289
1551 4224
5248 9020
3021 580
8783 3967
555 2058
3768 326
3996 707
7753 9177
5567 8871
1091 7057
1143 6811
7658 3027
3334 5157
3479 2833
1499 3456
5881 6077
9292 459
686 2563
6755 3086
3104 1892
5676 7803
462 34
7408 6006
2751 2549
4222 7165
1809 5940
9445 7008
5790 9635
4663 6990
6149 6243
582 5676
4545 3031
756 1676
7394 8174
4907 3658
8981 5173
5162 8985
8564 3760
5054 5879
7135 835
6827 6288
6735 5126
7421 955
9678 8159
458 3124
4393 6290
4629 8482
1806 284
19 6507
9313 5579
3174 8124
7131 5598
3806 7441
9321 817
6813 4658
3479 5966
3273 3476
6617 3882
9383 7953
1272 6013
9523 8078
9552 2656
8984 1277
3203 3348
3800 5677
9266 912
9602 1461
7382 7531
6864 9874
4810 8563
6019 2936
1 9905
7075 5844
3299 7438
8432 5015
4135 1935
6198 3339
8262 3509
652 4193
8895 7166
8635 9777
1476 1876
1994 8645
9070 4213
5918 5588
1338 9906
4073 1732
9158 8844
2540 2137
5716 1362
2996 8951
5705 1536
5855 1598
3825 8778
4377 7238
5072 3333
861 5763
6856 6847
170 9602
9124 7286
1707 2889
5974 4350
4535 5459
709 1013
2607 447
6972 1117
2082 5228
2608 3170
6434 1319
7987 7773
4646 9429
9313 6108
2925 7653
9631 1816
9869 992
301 713
4920 4122
2599 4115
6732 9864
5487 1886
6095 3001
837 823
4732 7325
6256 3486
793 9443
208 7004
377 7926
6036 4069
9768 9206
8653 4930
2203 2201
9534 8693
7816 6793
4543 9590
3497 461
3588 3531
9268 6547
4586 5155
1555 9890
2199 6743
9243 6204
5261 7424
4463 5289
3233 2689
5528 1999
2482 3168
1138 4637
4147 8621
2357 5050
74 5284
7290 7759
213 6357
7970 8771
4708 3636
214 7024
4769 2031
2379 7190
2799 3459
9043 3157
9338 4453
1177 8405
3189 8742
7768 4202
7781 6063
2619 2012
8590 3727
9594 2960
3037 6721
8925 7156
4038 4504
9355 5417
6008 8238
7195 2226
5646 4426
4255 2359
4725 2435
9038 6148
1596 4270
7346 6178
3242 7165
5697 2152
6650 5113
9062 4333
1142 7658
4690 755
1813 7133
8587 40
2212 6561
1022 2060
6382 5517
3590 5666
5352 1294
5227 1285
3644 3822
9396 1664
8765 8832
154 4995
8326 7498
2361 2929
5279 9507
4427 7179
3330 3790
8470 8388
2771 1171
1619 7990
6049 1471
8931 5464
2454 6365
8957 8792
7832 3125
9433 3218
3607 3588
3868 8519
2328 3621
4548 553
6668 713
8027 5145
8376 2818
2669 6165
8047 6085
4181 5018
4249 2057
2495 7520
1703 725
8863 9665
8868 4983
5835 1953
8096 9203
3965 6055
9074 1889
4815 6394
1465 7213
7949 1439
8518 7544
2738 7759
1957 236
6191 5355
8960 2427
7190 1568
3089 1869
3755 7007
7138 1723
313 4705
1940 4982
3478 3662
4459 6130
5986 7548
407 4846
8621 7104
630 2563
444 2297
5165 5238
3947 6425
9308 1092
1324 4338
9107 6869
3878 2360
3817 7429
8363 5378
462 5046
4054 5723
3946 1580
333 9434
5864 1299
3363 5223
2665 729
4716 682
5705 7598
3085 6140
8711 2413
2833 1624
7911 2127
3653 6959
2080 5224
8437 5465
5873 8138
2226 1568
757 9766
4375 7786
2922 5140
6346 9391
186 5145
820 8675
3509 7999
8319 2868
1141 2678
7379 9278
3684 6286
4295 2727
4570 4231
4863 4341
1321 7526
9421 4894
9033 3433
1054 433
9441 2503
317 921
2762 5711
9128 8626
7021 247
2594 3323
6253 5047
2429 3132
8431 6462
8289 2004
9354 8408
1695 5447
916 7882
4867 9951
4557 7596
8499 6891
9613 7242
2354 4449
5117 6022
9337 2161
8301 9825
8540 3392
4010 7192
8041 7879
7191 7285
6731 4628
1173 3700
3581 1655
5435 5171
6756 8923
8650 3184
7448 5755
2853 7174
8734 3625
3180 838
5601 5756
6306 9551
5673 3827
5639 707
3939 6955
9003 5029
3050 4242
9513 6438
1422 703
7749 2939
595 8482
5505 8491
9730 2746
9381 1554
9260 2713
729 3883
7609 7158
9230 2539
7348 4410
8696 9825
4956 5561
8198 1468
4639 3569
8682 5838
5289 7928
4605 4253
7087 9515
7256 8366
2546 9383
5720 6558
464 9412
5058 3663
8703 965
4372 7518
5268 2382
2748 8930
9319 2876
5697 4773
5176 5612
3578 6956
8868 4311
4026 6633
3440 5088
860 2545
1729 2231
672 7408
5687 1186
3914 98
5578 1978
7240 7517
8506 87
652 6162
217 5176
5334 3974
9388 6016
5628 2190
2099 2057
6587 324
6669 277
7971 5238
4338 7771
1697 6640
1095 6783
1620 8591
5081 6075
8790 5332
2549 7765
5544 8081
6368 555
38 8223
2502 4672
2978 1122
8079 4104
5779 7612
7899 4379
2086 779
3864 6711
547 7676
381 4950
8197 1689
1764 4496
2345 8253
5183 6400
6686 5998
7367 584
6463 6783
7257 9521
1886 3284
7746 148
1863 9724
5789 316
183 3889
3423 4144
8996 1903
7876 4302
9444 131
2342 5262
5256 1754
3238 1066
9681 466
1413 2765
6236 2031
3670 2366
5612 5170
5190 904
9579 2399
2886 9515
6304 8574
8529 4120
9417 3613
9874 3884
8122 8458
7750 3247
7867 3192
7237 1246
3360 2967
8124 6589
4773 954
1772 3823
2484 5104
6747 8902
6507 4910
3509 3883
6668 2371
630 3256
1708 7846
9110 4294
6809 4967
3687 6574
9654 8403
6921 3338
738 7365
3240 7290
2512 7563
9801 2923
6054 693
6809 430
2530 4417
8704 5010
4785 9789
8420 7365
6709 2043
8392 2004
9783 1650
3356 7256
1339 7292
4947 1937
4230 1671
735 1517
8627 7823
1666 3339
4081 4162
2215 9379
2305 6587
7060 9925
7157 2928
8155 3539
5260 6980
4596 2709
9058 6471
7711 620
5260 8532
3932 4937
7562 3879
9826 3200
981 4612
9639 6395
9804 1499
8582 4871
8429 2416
4690 4598
8831 6414
5533 870
4395 1074
7313 3535
198 1595
3496 1780
9975 2373
6024 8660
1546 7470
4602 5024
9189 5542
2926 4126
5681 8321
9827 5988
3120 3432
9386 5118
5855 4871
4753 5482
2674 2305
4471 3232
7632 8727
5307 6978
9144 4511
2322 3873
7720 6570
3165 8450
9733 3641
2811 1613
4938 949
633 5796
4038 3038
3798 4491
5259 2288
445 5305
45 7659
8407 9482
8319 4157
9323 7067
4712 1064
7059 5874
6635 7294
8585 4262
1644 2589
1199 8873
7023 1482
9072 3573
6735 6482
586 4518
3024 526
9974 1750
7833 2162
5474 3829
7975 8264
1896 7899
1628 4892
4360 7887
7610 1255
8937 2319
7801 4985
989 8927
8533 9922
2556 2163
328 7266
3153 3386
5328 2457
2484 9327
5746 209
3959 3895
8442 4116
930 9038
1663 8421
2909 4280
7727 7389
1099 1147
1656 772
2456 9388
2898 142
605 4451
3620 4859
4992 2447
6319 2209
7067 5356
9593 2345
4006 5706
4855 8519
2404 5151
9678 5268
9600 3469
2670 6291
7186 7561
9341 2428
8259 2094
1521 3578
9748 7722
2687 5577
7530 6174
9075 1888
8064 6257
4056 9448
4403 5269
6854 2066
5281 6508
8619 6728
3988 5010
4304 4650
2888 7009
3620 5979
3028 7847
2820 17
4846 9482
1284 6361
3555 7734
3190 3096
6625 6714
1054 6254
8670 383
8159 8243
1913 3532
2149 3679
1157 6930
8697 1926
9409 313
1986 5556
8351 5458
9773 1069
8174 3958
2948 5088
2926 1595
4086 7451
3363 7043
1758 3493
7975 1092
3008 9325
8359 2814
2332 5777
5364 1388
393 8641
4221 9953
4191 3475
4926 4731
3208 3979
4334 2745
4063 1513
5872 931
2638 373
817 7996
9986 3246
6068 3440
179 1642
4787 4338
2676 655
2310 4295
2416 576
9159 6328
2541 6676
4088 4279
3715 6626
8579 4583
4936 6587
8391 3308
4806 1540
2601 7488
3281 8665
4668 9276
7577 8998
6833 9890
5001 9946
5295 6152
9331 902
6416 7970
9745 8076
4269 907
381 9456
5379 8293
5347 1922
6708 9832
3249 7772
6828 2343
7330 4682
3421 8981
959 4475
2242 7245
3428 1499
3734 6021
1699 5992
8310 9336
8228 1197
4969 352
4093 3970
9486 2382
1327 1308
5141 8566
8188 794
7970 5768
7669 8160
4959 6762
9356 5969
6202 5745
7361 3324
8567 1897
7595 8488
9020 3419
8234 8698
7363 4719
4693 8170
5954 9032
8675 6418
7515 7609
7893 7897
4547 3817
7443 8096
6985 2460
3246 1344
9785 9618
1606 4634
7172 581
3530 2446
7890 8830
7905 4724
2816 3647
6995 8502
5553 2288
7706 6573
7208 9254
332 6334
7273 6151
678 2719
7679 3455
5056 4269
8668 6248
2438 9172
6564 759
2266 3118
929 4516
9348 9083
4474 5089
9002 5722
4133 7491
8962 7751
3911 9795
1717 4831
3304 4757
5000 3016
9748 7054
2330 3655
7777 8382
4630 2110
1967 3180
1163 6231
8081 822
1366 2247
3291 1275
979 4482
5160 6093
4234 174
2816 8690
6730 8192
828 1426
35 1091
8773 7288
5716 1541
5202 5138
5999 2232
5738 8404
9898 4352
6528 3977
6120 9609
7055 7536
8579 7922
8639 3539
3503 6622
606 4587
1119 8138
7255 3986
418 8464
2843 8504
8178 168
2489 103
9487 5637
8741 7032
2438 2193
3096 5454
4804 9127
8783 5890
6250 5258
6397 7553
1277 5052
5608 2322
3945 3342
7003 5274
2256 763
2552 7634
4736 8372
5674 7493
5009 1049
8918 2828
3960 5918
1906 2010
5012 8956
9649 580
1050 5683
2014 6853
2535 2676
1460 9222
6235 3755
2960 3467
4562 1952
4948 6792
9126 8966
5252 3921
2258 7686
7009 3031
5580 97
7161 8259
6898 9808
8009 6259
6094 2918
2010 6167
4848 2436
1688 8903
4317 552
4388 5784
578 9999
8339 1974
8589 3748
2434 603
5680 9242
3860 7935
1488 6777
8594 7193
2642 8754
4577 4837
121 8109
938 4879
2852 7659
4098 9837
5755 8000
1507 589
5569 8798
5490 3538
3461 9125
6339 1377
8890 4136
2399 2138
1025 5098
2304 5482
3759 1381
3879 2883
8228 1521
1597 133
4290 989
40 5776
7358 8959
3505 3698
4940 8811
4451 910
3056 8048
9612 9678
3089 8603
2103 7691
9402 2354
2091 6809
8847 5262
2752 2198
2991 3026
8177 3789
958 7114
1159 1457
4751 308
1945 9759
5651 6081
5420 2522
3328 1764
2116 6321
6091 6926
4132 3330
9481 5430
6022 5697
59 8065
3017 9596
5245 8820
8510 3828
6171 774
6816 2006
1575 318
1087 8672
6189 6039
6958 5217
6146 6935
856 3529
3654 429
4310 3181
5398 4961
3559 7020
5156 3223
5450 6826
3033 1988
7258 3841
1255 2758
2176 351
741 4607
7303 1009
8282 9753
1476 1869
9490 9895
9474 793
395 830
634 1752
8822 7230
1586 4201
8886 5115
1221 3025
3825 6085
4101 3378
9492 7016
4573 8597
1278 909
1001 2720
1770 4726
2420 5524
7304 6506
853 3537
4936 648
6160 8613
9388 9605
3747 8212
5690 2728
2192 711
7262 706
6839 7758
1702 8508
4505 9470
3668 3080
770 9092
5761 62
7949 5801
1243 7704
250 2982
16 8641
4394 606
6284 9145
9088 528
1877 2087
2662 2602
1661 3248
8680 8875
962 4040
9899 629
347 4456
4152 4476
7574 9138
9084 7643
8152 3309
5755 2099
5079 2414
6170 9568
4881 8223
3899 4854
5668 8713
2533 3065
5989 3772
1892 5086
9146 3374
62 1401
8703 5942
4540 9365
2499 1910
584 9861
5788 9206
1616 2074
9416 1084
1670 9378
8063 3914
7576 1954
8907 7671
8385 2917
2655 677
2672 600
1961 623
4667 4363
3543 8474
4061 2052
4772 4219
3384 615
2652 5481
1962 7249
133 8113
4293 1265
9519 5270
7156 7616
3514 6164
955 7616
9386 3409
1444 1594
6969 3165
2436 6046
1656 9424
746 4613
1159 4260
282 6627
8487 1304
5861 5813
5262 5300
976 2854
4638 7340
2717 7405
9144 2818
7970 4002
605 9524
9206 8181
3781 4209
4232 441
4640 1729
7590 6445
7206 3926
9808 1740
3392 4226
3555 7247
7285 4800
8594 2197
9432 3617
326 205
6288 1557
8156 5486
6434 5201
7614 6631
4960 3041
772 9947
4950 9482
9403 9959
9695 8484
5417 7315
225 3111
1358 8130
7486 3837
137 1808
8885 8769
1756 8125
3566 8655
8823 5748
6025 2390
4936 7056
6901 8004
7108 2153
1675 9497
9032 2185
9220 8592
275 5576
6166 8326
3082 3578
9747 9228
3034 4726
434 232
2149 524
2963 5609
612 2460
3299 8411
7365 4289
7214 8914
2654 7254
5600 8221
5754 2445
4762 1804
375 6931
2668 7762
966 497
6197 9659
6398 8087
1086 4930
1624 9205
3483 6222
3790 3600
683 487
7571 1542
1765 2324
88 7545
5535 9175
236 4735
2203 7569
4930 7621
2492 7134
2133 847
495 6719
1120 2765
7511 3623
2051 9202
4330 6760
5723 7241
7837 7601
5937 3367
6999 8824
2230 2535
9616 5528
290 1731
5552 3893
3880 4726
694 1562
7640 765
6606 7949
5285 2028
1993 471
7659 5979
8535 6359
5531 387
1267 1455
7002 3275
1459 796
7544 8846
1953 8410
6544 1415
7962 7753
7448 2957
5547 6726
5015 1387
1512 9600
4682 9839
6468 5143
3441 4998
2743 8012
2402 6927
5153 5796
4691 1524
1077 2476
80 9010
6659 6154
9773 1417
2559 6096
6389 9036
2400 7964
3577 2937
2221 2252
998 3185
6514 1559
4837 5621
4417 36
1690 1679
8584 1701
8400 1550
1579 6063
502 22
9303 5141
8609 7854
5491 9960
9040 7087
9439 98
4515 62
9238 9067
7372 9168
8235 2097
9898 6437
161 7090
9094 3605
9133 2981
9207 2537
7373 7018
6458 781
6786 9202
681 5630
6523 5142
6257 8813
1648 5449
9295 1672
7873 8475
7974 139
7047 9446
5760 6518
7317 7728
2491 216
8017 2630
1022 4264
6106 3171
6319 6137
2569 8248
631 7242
375 538
9804 6164
4164 397
4050 6830
6264 5613
4863 5246
5488 2585
350 7284
5584 8078
2745 3751
9719 2577
3350 6610
7212 3435
5366 1911
1794 8942
4628 8057
3536 9607
434 2245
2801 4745
6013 5702
4058 5570
8329 6968
4754 2476
3149 5516
3877 1401
980 5924
301 3124
3665 2776
9045 5993
9553 6759
4500 8591
5950 3508
1910 7895
4000 5521
2230 5153
8790 9563
5710 3631
6127 455
1645 3617
8388 7801
8991 4626
7079 3136
5435 6619
3960 1137
7082 8994
5374 2383
2061 1441
9930 4959
4983 424
4672 8096
69 8727
9767 3071
8370 8987
3945 5868
4747 6981
9019 2508
5879 6973
8659 8790
2432 3396
8646 3703
9645 9932
9129 2728
5149 7599
9842 4544
8020 1815
775 7416
980 8316
3921 8761
3548 6154
189 1283
8757 844
6066 3028
68 3179
9162 3242
2525 7313
9860 2908
1346 797
5266 1007
7649 8980
9396 8830
3040 1938
1872 2379
4432 5567
5969 7437
2816 2224
7747 1527
1114 5648
2267 6092
9147 7563
9220 2130
323 9837
4345 8234
2794 4981
4716 3990
3375 7702
6645 4972
6598 500
5621 4335
137 6297
5406 7344
5716 9925
1679 2952
6883 9066
310 2956
535 6156
1811 9651
3514 3786
5322 779
5201 5250
5640 3788
2026 4488
6341 5591
7020 1635
2250 689
3769 8600
2990 1323
4217 1177
5100 9216
9490 9428
3119 1226
6111 4767
3124 8501
6463 9909
4420 6893
4505 4273
885 8354
5816 4056
6535 9730
1016 6533
75 6529
5962 6882
8409 1326
6835 1811
1814 1455
5667 2196
7382 8518
2815 4129
1690 7709
1071 1151
5730 3193
4151 2464
9275 9583
7818 5306
9318 8626
2716 6436
3468 7499
9317 2516
8734 7635
1170 2572
3040 4584
6706 6475
6218 222
1132 398
3691 9916
5426 1500
5748 3011
454 8439
5944 2989
1307 2807
8811 8115
915 2147
7971 2805
487 2695
3871 3476
6205 3321
8321 7047
8954 8422
6518 5444
5291 7346
1097 4155
9774 8588
5449 2777
8731 3759
2525 3021
6745 9886
234 4346
6374 2423
29 5358
5080 5274
397 7331
142 5995
2066 4260
3388 8009
176 6673
6133 8682
8839 8056
1226 7332
6225 4401
7805 3341
8052 2405
634 2510
6815 9187
2555 4191
5241 87
9795 1399
7393 5525
4775 5175
2863 8858
5747 3721
8173 2824
145 8672
6535 5161
8634 7258
7050 8277
6322 7143
2921 8605
2259 5726
7923 5704
7036 6738
7778 5493
1427 7852
6263 1652
5765 3700
3384 7602
3577 6744
4607 3234
8341 9578
150 2026
4859 7224
1473 7514
401 1630
2225 2854
2997 3286
6739 8783
4327 285
4263 4208
5994 3742
4203 6386
708 4381
4982 6094
2387 1233
2057 5142
8675 840
264 9618
4183 1616
9189 551
4229 4495
8938 1003
240 6447
7682 5296
9075 5115
6154 7965
4169 2261
4821 7202
9711 3091
9659 6220
2391 9522
9985 5730
5695 9942
147 2981
5862 4029
9631 3851
1771 9794
7389 6197
9014 9467
7495 2209
5524 1635
3595 2317
9114 5576
626 2654
1154 1605
5587 7933
6549 1062
8287 8757
1097 2286
2412 5445
7841 804
8169 720
1016 3117
4366 7490
1209 3245
6147 9230
1426 5475
7943 1844
852 2713
455 9295
5886 6169
9742 5679
3254 8699
5883 1628
3804 8190
3556 6252
1240 1337
8520 5231
7417 597
3275 1043
7816 3878
9422 508
76 55
6556 7193
7484 3831
7203 3406
6285 2098
6717 7671
459 7408
6959 516
1759 7955
9018 688
2771 2199
649 8571
5630 8127
2113 5374
5971 5367
5403 4081
3418 3102
9013 6374
5225 3457
5148 8260
8035 959
9895 1322
9185 3102
9725 7529
665 3291
8436 318
5654 2750
7587 5766
5027 8058
9936 6436
2913 249
5910 4646
8227 1662
801 435
8560 3159
741 1829
6930 2416
5178 9997
9066 2328
4940 6105
6651 5531
3108 6182
2586 7671
5426 6148
5638 5745
3864 5201
2501 794
6425 8431
5566 522
3437 4379
5914 4589
8060 2362
1643 1620
4960 8223
8338 3397
3310 1918
2055 8189
6730 5493
6380 1650
6746 3914
8223 4476
8124 9437
1749 1726
1899 7974
7531 636
4781 3748
8900 3106
7436 3599
4633 3477
6598 4154
6172 4789
4908 7499
1627 9956
8262 8616
126 7217
1098 5574
6643 8296
1756 4598
6898 6094
6940 149
4771 5410
3470 2764
5616 3929
698 2816
2551 3550
2052 5853
5032 6178
3300 9993
5728 5143
2266 65
9793 9742
8387 3658
8479 4915
4926 7826
9043 8783
1661 3420
4446 3101
841 7657
3292 246
3834 1160
6813 9243
710 7485
3068 7294
1171 632
166 6278
9019 7586
9079 9851
7505 6399
7446 9219
8437 7776
2101 2257
5270 7000
2566 8947
5702 8308
9871 6943
3052 5309
2783 3966
6884 6335
2663 4810
9695 6863
2054 6503
8508 6693
483 8072
7522 468
3957 5591
274 583
5979 4011
6572 3574
6550 4228
552 3443
7632 9092
4570 8848
8169 8396
5334 5010
8419 4507
4242 8387
9219 3797
4199 8546
3458 2517
8438 1809
3956 2869
4858 9018
6057 8912
7637 4858
7128 7265
477 2163
7126 7439
6422 1394
7785 9433
3455 1511
2535 2186
1612 3683
9793 1790
9792 2541
5397 7229
9015 2631
6016 8660
5084 1315
1143 4445
3374 3760
5850 4344
4943 5017
127 9166
4848 1183
9695 6071
7816 9548
2924 2353
3500 4872
8959 1705
8193 6463
5224 9112
4040 6496
6331 9193
4258 675
8737 4266
9788 7773
6036 2901
5545 9170
9070 5574
1994 7141
1294 1537
764 4143
3828 860
3017 6795
4701 861
7178 5413
8705 7413
9161 4876
6929 8873
5233 4303
9706 6520
3199 8196
7236 58
4161 3634
966 3931
5338 7236
3421 7125
3623 4346
4737 5317
1492 705
8505 9357
7283 7309
685 6928
4832 1141
4571 6478
9957 1160
740 4211
6777 1236
6371 6479
9686 1862
5036 6981
9055 3651
2439 6919
5798 7216
8454 7832
9840 5426
1751 7396
4900 7122
4958 1987
9459 3018
8266 9461
5771 8027
4588 5717
5600 2275
9122 4702
1079 6590
5927 8198
543 1019
7643 3257
724 190
5977 5004
7972 1784
8532 2133
5585 3193
8617 4733
6582 1614
4701 6484
2279 8787
1815 5590
8170 3727
3242 4386
1614 6353
8739 1517
9666 8314
7172 2954
1737 9584
7820 2336
3154 9483
3472 656
6981 7083
5984 7082
21 7113
6892 6140
4538 456
6684 2037
5076 6248
2145 3101
5951 5108
8347 8008
4834 209
621 2613
1103 5952
1599 6533
2422 3456
6404 2821
5557 1515
1405 8096
5779 9021
9450 6967
8608 6437
8982 5658
5711 9438
1811 6444
5036 7781
2880 5529
3733 1943
2402 776
8340 6602
4328 7682
2819 1001
6495 2361
3230 6877
8425 2788
7310 7428
2838 4917
5974 8105
8847 7056
1082 1424
4806 1801
7447 5267
3442 5683
609 1987
7826 1023
7505 8586
9219 4850
7480 1805
9098 1933
7706 2534
7192 1167
9740 9123
5419 6317
9301 343
1216 5393
7532 6391
5380 1345
881 8336
8681 2839
249 2195
3348 7039
489 7383
4420 4603
6177 1186
536 5290
9606 8695
4410 9181
6634 9564
4916 8592
5657 8761
8295 2693
2111 3328
8470 9525
9322 4721
9463 3702
190 4174
7949 2217
3913 7911
5329 4310
2486 4706
338 6073
8768 8624
7448 9313
451 8139
6162 6107
1108 1907
9482 3079
5177 8933
3260 8734
6270 9791
1840 905
2710 1121
6033 436
4837 2074
8256 9629
6721 8266
2492 6560
1883 2195
4673 8139
621 13
4627 2878
840 356
7471 1980
5106 8020
1053 6782
3530 1272
1756 3456
7529 4672
2724 9215
4574 7932
8296 6094
7270 9403
1960 2498
2268 3378
1903 8832
7456 6353
6953 8251
5716 5251
9969 2517
6906 1168
5304 7794
5158 2397
2961 1578
8328 7460
7427 3541
1991 3575
660 9290
8715 7897
2656 287
5648 5167
9426 4467
9672 6226
1544 9881
2756 1505
4958 6894
2761 9593
3161 5369
6458 4125
4808 5141
6110 7961
3935 65
6747 4722
7167 6214
7940 6398
2715 3899
624 8582
6009 2752
2505 2931
7499 3228
1126 6936
3681 9009
3075 6023
503 6468
6691 7261
4247 5979
5177 2405
4899 4869
9211 2239
8450 163
2093 2455
9438 7489
1169 3210
7079 3716
3494 7319
3076 3216
3661 9788
2941 6941
4647 3599
8813 1783
2419 9077
8475 5681
4059 489
9320 2207
889 3619
9360 1946
353 1703
3145 5032
3135 3259
4366 7369
6952 6036
3037 9710
2333 2081
5554 7185
9644 3939
2067 7928
403 1138
8730 4204
15 9366
2936 2277
8297 1659
5129 5978
1723 1629
2024 5256
2560 6161
2690 7042
8424 5044
7701 322
2678 4880
2105 1920
9632 7511
3278 2719
5383 4829
7143 8238
9162 3999
8438 7502
8998 9758
5749 1985
4468 2015
8055 4919
4061 5144
682 1530
998 4783
7312 1704
6930 170
354 231
6956 9627
7270 434
6378 5810
8911 5384
1707 8612
6525 629
3408 5729
3061 4920
8073 8599
4083 1427
6357 936
8286 5088
3467 7288
9042 6323
2851 2449
9604 3382
483 2060
7310 7762
4100 5255
1941 5469
5297 9225
4438 4048
7298 7557
5761 7343
5129 1277
6159 4114
3273 7031
8961 9618
2945 2046
632 5194
387 745
1898 2925
3773 5315
3214 1652
7787 8294
7954 1319
9409 8850
2431 1334
7981 3400
1084 898
5764 5658
498 6209
2659 1769
8873 6853
4881 9108
3379 1719
3406 6133
5396 5055
3611 1270
494 1971
967 597
7941 4787
6912 4678
535 9033
473 5083
9019 8805
9095 5479
7908 2519
6326 9528
5959 1227
3341 6921
1672 7529
3673 2212
3655 447
3743 1203
8372 755
9998 3611
4291 4884
4398 7008
6999 9603
9370 320
8430 2896
8920 6034
1368 8377
1649 7227
5271 2263
2122 2815
5488 4729
633 8037
1986 6209
8331 2187
5320 5277
5451 8158
9659 8480
8599 3875
7434 5908
2790 1616
572 4916
2048 8645
7512 3914
2545 2414
8683 778
3826 7542
5823 5911
9026 5344
9995 715
8937 5592
173 5913
9770 6204
8498 3424
2818 5992
5627 5701
8144 7204
5088 1276
3952 7170
1905 3180
1780 2209
8282 4469
8320 9034
1809 7017
1785 4385
8346 4380
8742 4646
5054 1973
8563 9205
5085 5917
6862 7157
1887 3177
4579 3305
4125 5148
6931 8135
2000 1288
9508 8043
6960 1582
9695 7988
1032 1030
2851 4827
2009 4623
9496 215
4312 9006
3856 1998
6126 9547
5182 4498
5306 2784
2607 3111
3913 2738
6996 5811
1968 6258
3705 61
7117 9889
3053 2423
4096 6177
5874 2806
5046 8618
4156 9869
5619 8491
2644 5271
4545 8859
4696 8264
2139 1017
3169 1934
2692 8272
3789 9000
6297 406
8449 6447
3839 9499
9517 197
8089 3166
2534 4831
9471 412
8582 9440
6994 3286
2610 3828
146 5375
2863 1963
397 4455
6407 5159
4496 9019
1434 8104
2992 2394
4696 1706
2315 2698
8975 4045
874 4721
2274 3182
1333 7118
7867 8648
946 7185
6474 495
7231 2463
1131 1049
9734 9118
5107 9975
8138 3841
2667 1612
4568 8824
4721 2279
9120 6395
2604 6060
4157 986
6482 1403
9462 1065
1141 3299
7140 6
2855 5520
9361 8676
5007 3019
5766 16
3648 2653
9873 7499
9382 6831
4198 136
1092 8352
9083 5033
1327 7987
4458 4740
5382 2149
2162 1684
9944 9376
5391 597
4799 9
9477 7842
5027 5145
6475 3594
6735 7083
1291 2716
3382 2286
4452 5949
2553 9377
3237 276
363 6023
8420 9494
5769 951
9031 7166
3647 7009
1760 3676
6413 843
2443 8190
1536 8828
9992 3700
1160 5442
8665 9393
3233 1486
9456 2200
4675 805
3463 7014
4640 3742
9571 6361
8846 3357
3141 5718
5790 3982
5972 2475
5452 7737
1058 8135
382 6891
7943 3261
5635 521
8548 9792
2100 2869
6097 4757
9846 4707
562 3938
8547 4526
2678 9644
3765 7909
9059 6976
3625 7028
6545 8445
5308 7810
281 8482
8410 5379
9423 6178
491 6192
4043 4679
1198 5036
8649 3244
2494 8779
8541 9079
7483 4254
2076 7676
83 3234
9588 987
6617 8716
4986 6803
800 2865
4425 7532
3422 9639
7915 5003
2045 5869
5421 1310
5335 1518
6542 3869
22 51
1303 8924
3277 2364
4470 7854
8039 8450
4694 3444
6982 2510
6221 9497
695 4937
1811 9722
3311 1518
4477 5430
6236 6677
1608 8207
272 4209
63 557
1806 7700
152 8554
9798 3542
5450 9650
6139 8711
5740 2532
6854 1814
4527 9850
7205 4657
4380 5857
341 1319
1744 2347
6677 1669
5610 590
4408 9630
6870 9759
1291 1442
1409 4617
2716 4035
674 10000
2832 8274
8359 2472
5933 5607
7595 12
2331 3595
8703 5745
4871 9866
9547 2349
2443 2517
3320 3704
2257 8059
8724 6668
6653 9084
7088 6053
8447 2358
120 6249
1368 4735
1175 9134
4199 3640
5679 6499
7502 7458
4954 6803
2447 4867
111 1781
3436 9276
7192 5821
4237 4888
9957 1571
180 1429
9179 7862
8223 4240
5899 6058
3070 8521
8396 8726
9980 4910
3703 1052
4674 4471
8774 1891
1613 5034
2010 1645
3454 9747
44 1460
4405 244
4022 6357
5322 2481
4096 3858
9197 2031
4286 4242
874 8003
204 4493
4886 5718
4849 8709
6677 7724
5903 6955
1494 9742
8536 9364
7367 1065
4010 461
6260 7851
1207 5200
4209 9619
3125 2403
5312 422
3050 5902
6515 716
1853 6631
1046 625
1605 1708
3571 4925
7212 8661
1383 9635
6163 8154
2631 876
4921 4552
8713 9077
8668 9795
1580 6903
1134 8390
8286 9458
3797 2343
6810 5681
7777 9280
278 7552
7798 8605
4011 2934
3734 1759
9322 2351
7062 6537
7707 4968
2078 8631
5648 3926
9860 1944
2793 1858
7546 3487
9366 7389
5982 8052
7286 3120
8038 4508
5704 7827
902 6624
3313 6206
3790 535
5396 8663
908 6738
1734 9214
5983 4142
268 3127
818 4243
2473 2945
5909 9406
7872 8704
1426 8535
4792 7452
3375 467
3997 8093
5576 9932
6751 9254
2732 1408
3415 5683
5457 552
56 9696
4077 1893
6895 8573
993 2890
5839 4159
1685 6361
9221 7524
2847 150
3546 696
4356 556
3888 2370
3935 4459
5613 7663
6531 4076
6987 956
4901 3513
8625 8053
2742 4660
1636 3900
4642 7118
8817 2514
3133 8062
8007 2800
8343 8575
5817 831
9436 8150
2079 2788
8786 4720
218 2443
5627 1418
8163 3015
6370 1725
2384 4405
7318 3104
1977 9360
1341 4834
5545 5193
2836 9178
3650 9890
572 6871
2752 8993
3970 944
8899 6253
2207 1889
9966 1334
1183 1161
9303 6683
4205 8277
6232 8618
3144 9375
691 9678
41 7106
5722 590
8669 3380
2196 1153
2717 1532
6847 4699
3369 1522
4504 3902
2211 8127
302 9836
4095 8449
2057 7847
6989 7050
6318 5206
6996 3470
6259 6300
4536 2591
7097 9864
8890 7855
4301 200
483 1576
4255 1673
5333 1890
7262 1209
4831 5594
9023 4035
6835 9699
5017 9696
1980 645
8259 7059
5760 8893
7550 4069
3038 733
8741 5688
631 6231
3417 578
5547 5440
2341 1186
2513 580
2767 4836
1237 587
9468 2476
111 3130
3905 5955
4405 9649
7240 3020
6962 958
1157 9159
3132 7209
9411 7284
7506 5066
8274 7435
2915 3246
578 1466
4857 2686
3063 5589
8040 9375
6009 7044
9066 3318
4300 6336
8519 9081
5888 4994
9983 3221
2048 7111
7305 4531
9082 360
3249 6755
8412 7155
9358 9083
6235 2127
709 1458
7005 5550
3494 6
5287 4686
9291 9221
2934 7357
944 5399
2521 4466
1915 2669
4041 8277
5971 8758
4166 5258
3104 2888
3301 4537
1557 3895
696 3692
12 2304
697 6544
6332 7859
5735 5177
4780 7035
3213 7706
6648 8124
2694 3087
2262 8973
4216 8757
1804 8451
6640 1664
6394 2061
6130 8908
2895 5315
5094 6705
3468 863
8621 9565
1325 1038
5554 3050
2819 6967
2282 2027
8937 8461
5210 4632
934 2860
4 5963
4596 6925
665 1305
1102 4438
8802 2887
7502 4985
776 4840
9605 575
4553 8530
6734 4076
7952 9814
2496 6508
5350 5618
6782 4721
3549 4613
3655 610
7427 3949
3765 4084
5321 2803
8998 8572
8968 5435
193 9094
5390 7671
1702 2310
6388 5776
9087 7074
8291 4387
7558 1918
3008 259
5376 3748
6634 6962
3871 3207
2199 7411
6555 2042
5612 9925
4375 3165
7115 6336
1185 289
4581 8922
5867 4812
8329 3258
9905 120
4958 6806
6350 1219
8824 8504
3663 6352
7889 6305
6317 1740
664 9654
6101 9071
3611 8842
9668 9164
1981 6006
6273 3028
7761 2679
9537 831
6498 9017
2950 3461
1071 7157
7481 9965
5752 5629
7638 8082
3129 938
3601 8537
7936 8665
4399 2174
4187 4865
4298 3428
5505 4705
1986 464
8623 911
1930 1664
1704 9074
9620 942
8142 9948
2598 3703
4556 7160
2892 5710
3421 9647
3272 2102
9024 1547
7239 3514
1454 907
5363 7901
7456 9961
221 4993
6909 5836
1617 2158
9789 1081
7663 5675
8689 6350
1669 7326
9344 5212
9575 300
7085 7637
9251 5884
8766 1342
8612 5590
6423 8321
8192 1227
699 1373
9331 3790
9561 1236
265 9235
3364 6609
8187 9070
9077 9691
3317 2835
3998 9524
2846 1157
1001 8344
8703 7508
7381 5345
2180 419
703 9029
7563 4006
8732 4184
5493 2402
8971 4920
2198 3038
5451 299
5259 349
8494 8656
6086 2255
8136 8757
5462 7151
9454 7114
7277 6402
7278 1428
9785 2042
6651 151
3712 7124
1006 4357
6756 3868
1362 4106
5603 5674
4023 4135
4501 650
8940 4825
8600 9624
3675 7548
602 8966
9889 98
9523 5119
4549 8142
7638 2319
9500 4934
9858 3273
3625 7960
7665 3734
1416 9523
7064 4393
4453 1724
1331 3639
2331 4737
9176 1137
8603 7383
2520 7940
7006 7811
966 8031
1853 283
4770 4140
1610 1415
8532 6316
5614 7611
3461 4058
7520 1258
4040 1200
1548 244
8931 4632
8875 692
2303 1104
759 6820
9609 998
849 505
1463 8562
1408 5889
1564 8834
6360 784
7286 515
2690 3888
297 205
7996 4677
9722 192
3431 700
530 2315
1442 6952
8276 8398
4281 1660
809 342
2747 9838
5820 2710
7800 3048
1787 9579
6522 9596
9091 5318
6613 5919
1461 1328
2443 942
2405 811
7689 8594
4340 4134
5840 435
6607 6333
2716 6487
292 7165
9550 8161
39 5297
6061 5741
6243 326
6272 4541
781 2469
956 9991
2313 5278
9668 458
9256 5841
5407 1535
2340 6984
1671 3458
6206 4373
3561 222
9905 6825
4002 2762
7803 4386
8747 265
3836 8948
3161 3890
9215 3415
2461 8574
7243 1400
3915 3933
4133 3117
3372 3438
1452 2150
5874 3926
5173 9384
9073 246
8118 8039
1451 4576
2427 9738
4926 2537
3180 7990
5015 7770
7791 4512
6649 1613
3231 73
477 8464
5601 115
7901 4077
5832 2050
5193 1219
6992 1922
5052 7364
4539 1668
9238 5964
2813 9364
3671 4099
6155 9402
581 9068
7416 6559
8017 5958
2687 1844
9107 6893
3808 1853
8400 8196
6237 2027
9612 7822
2665 1271
6574 1251
1843 6028
1881 5358
2480 500
1883 6336
3467 1986
7498 6223
6505 4824
9686 215
2154 4604
359 7872
1277 5463
2159 406
1780 246
8009 9812
5148 293
3858 7897
2694 637
4707 5175
2546 9658
7881 306
6757 1284
9410 5073
8884 608
4013 2267
1768 5539
2104 1595
5956 6562
8022 9783
7796 6028
8344 5620
9893 6596
1203 1577
4407 6804
4918 57
8158 9516
7258 3286
9551 5323
8311 6473
6044 3496
7884 9325
9224 4744
6183 1313
4468 9041
5653 129
7578 5335
6355 3807
2819 8192
4830 9271
9158 3474
2299 5014
3846 7455
3091 7328
8186 8845
7236 9893
1635 777
9555 456
4748 7844
7238 7600
5918 5920
956 7744
1183 5717
6092 6903
2644 5537
247 2030
8959 2995
5947 6181
3101 6250
5092 577
8318 9700
3914 3832
8602 2478
811 9893
8729 5557
6307 7293
4546 9915
3121 869
6864 1806
3218 5871
447 4148
7533 5782
3549 3659
3721 5737
9196 6895
3596 2043
4924 8128
8395 6596
883 3456
2791 3482
5122 3460
5235 8180
9194 7816
4733 9537
1536 2840
1377 4125
1287 3808
1399 5789
1759 1745
3048 5684
6017 2890
9588 7996
3636 9783
8222 2608
5163 273
1260 1929
8984 1070
53 5354
3780 3567
2929 9423
5665 3345
541 6089
7777 3527
5200 6306
5919 9777
367 6091
9959 571
1376 3566
9609 2026
3017 6869
336 94
9977 6316
6088 8350
1624 9215
2892 840
1644 7851
9579 7508
3069 1837
5694 3442
1954 6765
4538 2168
7015 9532
9341 6532
1492 2863
2241 4357
9362 5908
8675 831
6170 5628
7747 6054
1282 9246
1543 4143
1016 2046
9104 8729
6734 3392
7268 5693
8546 870
2118 4983
3613 4958
647 2393
3851 2578
4433 7212
5162 5263
6948 6443
4871 2348
6157 5230
7994 8480
7323 5676
2897 5666
5489 9050
9557 2531
654 3865
9180 2792
3432 1510
7826 3095
2588 1386
8441 4331
207 8069
9285 895
1833 4394
8189 8789
7170 1106
6433 3072
6277 5310
6305 4293
3354 9500
9341 1595
8290 6153
1402 8780
513 2290
9651 4259
4391 4885
5676 4952
7385 9478
2819 4752
2570 9184
3288 7565
3472 3242
7033 7906
4447 2756
2281 4054
2074 4404
5648 9787
8541 863
3840 1112
5621 512
616 139
521 2975
3998 1919
2262 4992
9881 7703
9377 2011
4894 3370
7814 410
3983 251
9540 7835
6975 5185
2414 8959
7475 243
4668 1337
4359 2631
6443 3494
3249 7269
977 2919
9611 8930
4150 7237
5517 6190
8275 9746
8515 2869
6955 3221
3917 9833
6733 1680
6249 2992
5892 4641
431 8096
4030 6281
6313 9442
1331 533
4363 6829
9385 604
3732 9478
5399 1126
1472 2824
6592 6404
8333 4209
5357 2380
5806 886
2420 61
3327 2937
6032 389
9806 3201
2720 6547
131 5989
3638 7524
7835 2151
6911 4976
8722 483
5020 3722
6027 5284
6120 9020
6679 3374
9197 636
5322 8101
2690 6605
5476 8172
7041 4264
5380 6436
4363 2451
7546 8738
6310 920
1734 9622
3679 3328
130 5467
2103 2166
7258 2191
2514 3458
2816 5115
7345 8678
27 7605
5965 5455
8498 5956
7133 8618
2709 1092
5558 6846
5101 1492
1786 6250
4005 6841
9143 2017
9312 6162
1518 9014
6188 5831
7582 2738
3361 3029
9105 7209
9587 2890
3434 7620
2680 5078
2625 2937
7749 3064
3783 5241
4283 1866
6275 7783
1950 9585
257 6492
3498 6119
2235 7588
1708 8730
5564 305
2498 5870
2800 8984
6866 6200
6159 5865
4157 5198
4117 1377
3117 8536
3893 4277
8164 2611
8961 6307
68 3814
859 7493
9654 9559
3464 8647
80 5039
5443 7573
6125 7414
6975 5081
8594 7081
3925 1092
4362 5951
1883 1765
3688 2309
965 8152
408 3659
8824 2107
5261 2552
1067 1940
3444 9304
976 3482
7706 8358
1336 9607
3503 1591
5059 1809
5531 4135
9478 7633
9503 8480
3018 4768
8129 2331
8135 2373
8034 9207
9194 9799
1886 2051
8186 6714
1927 9046
5338 2547
3684 8109
2891 3710
8183 9865
2729 2613
7283 2640
9846 1818
7279 8778
7037 7968
6149 9624
6437 7706
2099 9053
2767 2370
6868 5488
3836 2409
5632 5316
4795 2969
3789 4813
2764 8418
8396 7051
8867 2229
2293 7718
9067 1335
1698 6359
5966 8855
2316 8205
1556 2503
1044 3308
555 1666
8349 4541
3276 2597
1079 1192
4950 1490
9200 1324
2320 2747
1524 1505
343 7157
8670 818
5506 6545
1990 3605
1662 5915
8853 7432
537 3941
3018 2189
3976 5649
1753 7190
1645 3009
9912 6602
6733 3161
9062 2974
4356 5815
1579 3653
6647 6037
7371 4530
3251 8314
8488 5759
1995 8356
2349 8817
6296 9775
5772 4892
4341 8350
4468 1904
5096 6702
8988 3019
3078 9048
2826 697
1815 6334
6137 4390
2103 4064
1459 2518
271 8553
354 1735
2373 7152
5103 4362
1951 1149
4229 966
2667 625
9861 906
8131 5006
3581 7623
9358 7170
711 7557
6062 1540
2360 8321
1773 1438
6751 2611
3594 8355
2096 1010
3042 266
9795 751
3078 8318
6055 8054
6269 8017
8362 2059
5865 6449
1233 7686
8902 2315
4336 6561
6051 8429
2416 7976
7176 5812
1547 9571
1241 4196
70 6532
4590 47
9890 8293
5058 1698
5811 5705
8866 4892
4132 1410
8427 9929
258 1443
2689 889
6722 4725
4430 3846
7463 3073
7983 8131
6692 3801
3290 8417
6612 4990
5391 6491
2691 6549
5898 8033
7532 7591
3972 6280
261 9961
1703 3107
7841 7665
7096 6122
9023 4487
3527 8524
5188 4893
886 9140
5105 237
6715 7161
2904 2379
5716 6798
473 7796
8936 6956
9398 5048
6506 5428
7623 6000
9146 6974
4847 4557
6378 8623
9208 6009
3650 591
9394 3729
5237 2208
499 2132
4439 1405
1220 3483
3620 697
2310 1862
9635 3440
2034 6219
2530 6058
490 1918
2188 450
5616 9962
1617 66
2348 8362
9576 1193
3747 6546
5111 2093
9623 5524
439 8605
2173 48
5861 3348
1265 1819
6912 8847
3345 309
318 9242
7248 1501
6842 528
3761 5216
6915 3830
233 634
2740 8594
6309 6955
9081 243
9717 3703
6071 6537
2136 2944
493 249
8356 5472
2578 7572
823 8144
4866 5366
5446 6158
6710 4266
8122 6416
5080 7193
1138 6118
6942 473
1499 1937
7795 2933
5773 7991
8709 3528
9548 4803
9456 5699
6973 3304
1713 6899
5580 2265
2167 6855
8627 7577
7197 4514
1080 6572
2907 749
7898 8243
2615 5283
5953 1814
8110 6318
6080 4922
4671 5749
2838 8282
4623 6900
2550 3655
7265 1072
6912 6476
1606 906
6454 7263
5517 5448
6628 9539
4258 7254
2763 2926
9644 8638
5712 6509
9319 1513
5267 187
5572 6951
5717 5199
6417 3029
9420 8376
9923 3700
2868 2553
926 485
5138 4620
7581 5109
3456 4930
5857 1462
6659 2325
5118 7308
4694 3151
1829 7059
440 2239
7556 7510
4430 7209
6545 6066
6261 9970
7991 4743
8416 1744
1457 2471
5364 3858
8329 6327
2475 5250
673 6288
6981 225
4443 5569
1258 6360
6385 1481
6634 4949
2276 2848
995 494
8659 2688
366 6654
9726 8790
5105 5602
524 1186
9012 8848
5513 8669
4627 5708
2947 2474
2744 1375
9185 9702
9368 5054
9180 7224
7274 9904
6934 3028
4382 6266
539 3329
3523 9333
1094 2567
1059 8598
5597 1945
3351 9168
902 9412
1391 7845
229 5093
7717 5845
2325 9848
7505 1852
198 1191
215 6212
6971 7412
4811 8915
6614 2003
4510 3001
7942 4413
3619 9192
9527 730
4932 4631
7178 1478
6833 3499
2108 1438
9457 7444
8514 6986
3581 8643
2632 6150
7589 9921
5153 2209
4026 1731
3731 4455
1833 5971
1788 4316
7876 5071
2 8019
5489 6244
2383 9444
1748 7424
2144 4003
1139 1106
9574 2563
3193 5332
2244 1569
3554 4236
3404 1926
8239 8027
5028 4952
1720 321
8271 2158
69 3662
4093 9208
3926 9263
9514 1595
6627 6838
275 2246
6679 9121
2819 9795
3578 8127
5619 7288
6575 1098
7568 1633
3704 4737
3708 8216
7454 7412
1676 9863
4204 2762
481 4899
9737 1530
506 4438
4252 4435
3637 7748
357 1612
5053 1389
1056 9300
1116 9454
910 8012
5919 4704
5539 1056
1664 7501
8864 6536
6612 7695
7246 1092
6080 1026
2317 206
5629 6116
3643 3256
3765 5755
2833 6185
5878 8020
3699 9239
9602 6908
8071 5397
29 3252
1212 8183
2771 7467
6511 7517
2433 9894
5642 9923
5741 4810
6325 1208
4673 9873
6561 4607
3165 1876
4363 7680
1671 608
7365 7080
1009 5305
9063 3380
317 516
6266 8472
5973 2926
5795 3399
9035 5604
9615 7372
9401 6567
9395 9380
99 4454
7239 3240
3318 3600
1067 5643
2214 468
1758 2330
9940 5046
9779 2585
5657 3377
4126 3828
5781 8367
3802 5791
8142 6775
2703 7058
2017 3761
5533 7381
6663 4046
3233 8630
4238 9349
6632 8907
2298 5269
7208 6101
170 9845
2934 7823
6708 3835
2805 4986
8433 3652
3346 6947
5574 5670
4398 8969
765 4861
675 1251
5802 6261
7492 8988
4735 2373
8829 1992
9172 3805
4102 554
225 120
2151 2124
4259 3036
4262 605
4561 474
1971 5890
3593 9410
8791 422
5344 2441
5632 5160
950 9927
1218 7705
8402 1998
5837 841
2560 7244
8898 6610
1547 1299
4930 955
3499 2082
3208 1707
7153 7442
6480 434
4385 5927
5103 3308
8189 3869
5176 6202
5741 5838
991 6031
3453 5174
2758 1022
5239 7146
2841 3647
8910 7858
8999 3176
7863 4575
8493 1760
5025 7956
2488 2630
9441 900
2543 5120
5656 3315
612 6804
6139 4301
6396 8976
6321 759
9234 8548
388 712
434 110
7133 8466
3399 4023
7377 1299
3031 2024
7488 4081
9685 5162
2357 8308
55 4814
2324 6446
6764 4373
4614 674
8184 9622
9985 6027
7520 1341
5570 6024
6481 8710
8000 3970
1913 2114
3205 5674
3912 3810
6049 1912
6948 2054
3137 449
1591 8913
5307 9807
6185 7627
3374 8257
5842 524
2799 7705
4340 810
1283 9982
7357 3713
340 2175
7071 5906
8007 7090
5721 8374
8082 3747
2759 2041
540 6614
9775 1673
7808 6839
7617 2077
7745 9364
7064 51
4983 7034
7998 7858
1702 682
1719 9940
342 258
236 8033
3896 9718
8213 7022
7887 1298
1698 7798
583 2466
9136 344
6089 1917
7873 1381
6029 1456
6233 7683
7236 7317
6897 4720
6810 3767
9201 9008
5139 5804
1094 3373
6970 2799
9931 1746
5131 4598
5936 3757
2343 80
9604 5623
4954 3482
5244 359
2422 7215
896 7723
4493 2225
1400 4119
3433 9817
2956 1324
1768 2514
130 4154
8844 5509
7588 1795
9745 4145
3829 4775
4939 8153
4534 328
5498 2119
9687 7094
286 2524
1453 9204
1857 6429
6277 6143
5718 7693
3535 6209
1347 3046
5943 2418
1124 4938
7712 8272
8214 2099
5323 944
9693 2413
7314 9129
2758 2777
8277 7058
4258 8699
344 6867
3623 201
535 5156
2480 7130
8407 9757
6852 5704
3565 4898
8823 6154
2796 8712
1234 7438
4161 3213
6059 8999
2304 9863
6047 6834
6772 6599
8858 5870
4897 1398
5031 881
3854 3728
7057 6505
8619 1839
8321 6482
8538 2808
4201 1917
5680 2319
6633 182
7609 9075
9051 1429
6520 1783
702 8948
4608 1951
8546 2977
8838 184
2939 8152
555 4604
2464 7386
7806 9831
8105 8461
1562 2890
8788 1178
4948 1471
9844 5356
9447 1385
2395 1782
767 9414
5596 2263
848 8790
2572 4598
2814 2829
988 2294
5630 7849
3600 5755
8527 5011
8970 2730
9129 9152
6706 3606
8624 9445
3127 2745
7940 2819
1520 7941
2273 4166
1705 8323
1566 9819
7785 9302
4651 6331
677 5248
9296 73
4084 2464
2815 1879
5416 1207
8436 6490
4968 1950
8171 8117
5521 2269
8751 4624
253 8466
67 1785
5231 873
5897 3599
8806 8411
392 7731
4949 9704
136 7592
6716 5098
1757 7462
4539 3343
2795 594
8993 8358
5513 6008
6110 673
1002 8952
2490 171
2949 4840
8775 6657
8289 1685
3181 776
9324 4134
1276 3791
5124 4461
6960 3644
8181 6857
7722 9474
9560 6631
7710 1965
4992 9915
8524 9367
7011 5178
9025 5006
3072 9290
631 8891
9088 1064
8818 2147
3992 6906
5918 971
9041 7696
2656 7198
5343 1265
1694 1129
7435 1039
1842 4628
6264 3667
5787 1763
6662 3264
7902 2395
3470 8789
4941 1788
6072 8055
6613 3166
7480 5134
7849 7181
3379 6804
7392 1920
8229 5204
785 8507
3858 1352
9543 1414
8431 2757
8311 591
2999 7262
5359 2890
8367 3311
7046 3913
2843 7358
5885 8293
2958 4563
4788 6189
1495 7727
6668 5039
3796 506
9091 6250
697 5339
783 8818
7016 1269
3685 153
1598 8188
1281 978
4908 3314
7827 5321
1286 7215
7855 8377
6549 2572
9693 5606
7796 6871
1961 1457
5429 7501
6218 753
5027 7904
2693 4976
1489 1422
2869 2538
7420 6598
1237 2164
151 2057
6867 5696
4363 7251
906 9246
1717 8317
2105 4434
6690 5397
4074 961
6270 6556
510 2442
6911 3788
4708 5318
7222 5876
7259 1444
4231 8927
6211 1871
4335 1899
4132 4230
6181 6221
9686 7149
3934 7070
7113 4940
8852 5855
924 8842
121 2638
7715 9225
9373 3276
3727 5761
8110 374
2445 2664
5844 7849
7549 1428
5019 1688
5916 6624
8753 2635
5188 9997
687 6086
259 8224
9436 6612
381 8028
1788 6434
6260 3831
8994 8904
6800 8303
7405 1605
5276 520
4857 5082
9589 1486
9154 2471
427 543
7203 3376
1586 4585
2105 7991
2397 1957
4017 6964
1018 8012
7552 4489
4820 4472
2103 9703
6602 2261
833 5135
8404 4737
5394 5423
4100 5891
1954 2759
3504 5590
5336 5069
1066 5204
7748 225
611 4340
3235 9363
7187 2072
3682 6928
1891 8774
8381 5863
5869 2460
8270 5899
9017 2245
2863 675
7339 6223
8488 4380
8091 267
3293 363
165 9493
622 2622
1365 1997
7985 1404
75 7251
6814 7413
543 8062
2715 9880
4130 6889
2971 3896
7275 5124
1954 8336
838 9192
2670 9729
9341 9266
5969 4438
5079 4803
8818 9050
369 6164
6844 7420
7501 1983
6268 1586
5775 1056
272 511
1524 7061
4288 6234
9750 2983
8590 3006
559 5148
9202 8077
3037 5663
3268 5507
9909 6503
2764 5691
1218 6823
5815 7874
8251 5200
1005 7048
99 5808
4573 2355
4514 2937
4993 2176
6302 285
9102 9228
246 2660
924 2728
8125 707
6577 2381
8268 7930
2501 4311
6487 7913
3697 8701
4954 8587
8879 2536
9672 81
9407 6468
5955 2316
7465 170
9167 8740
5111 2630
1306 4331
9479 267
2489 1223
8112 1096
5734 8174
3910 7579
8278 4287
5639 1706
23 1596
9574 8053
6077 4705
4829 3007
9578 7753
6894 5886
552 4661
5066 3899
7242 8619
7095 9988
743 4283
297 388
5425 1932
4949 3943
1113 8512
4269 2108
9520 3381
6245 8930
6942 8853
2017 9934
8712 3896
9388 2386
9226 3870
3215 1233
4346 8225
3525 3873
7312 412
3915 6523
2424 6274
110 7315
5358 7947
5412 707
8723 2395
4185 6064
8638 1157
7537 4786
8880 8474
9346 4861
5422 988
8148 6224
2485 7002
7411 7772
1100 2926
6867 6007
9309 639
7970 9499
1238 9786
5917 6780
2193 567
7079 8385
1235 6975
5435 5499
2605 1739
8697 4657
1927 7460
8202 5499
5802 5065
9362 7147
3497 3440
7281 95
7125 4945
5872 9657
1446 2658
85 8091
2628 4125
6320 4213
8661 8507
9718 1100
2281 106
7796 2543
3089 1245
7583 3590
6686 8505
8080 7916
2379 7338
8721 1985
3996 1655
9112 6036
5707 5695
9208 8600
9047 2889
9714 2371
1120 5084
2416 7227
5501 1945
5322 5266
4633 2574
4029 9156
736 2490
9863 969
2658 5076
7682 6149
8609 2473
903 2391
187 4739
6669 6043
1919 5228
4182 673
1838 1653
7380 3817
7604 5445
8713 6290
1870 5995
4310 8567
6389 5601
8721 6938
1719 3765
1650 7394
5074 1274
1009 231
3572 7061
5894 7090
9598 4022
3950 5913
1217 2468
5762 9730
6065 2116
3117 1298
4775 4764
2809 2995
4467 9183
3493 4726
9331 1468
9443 607
7749 8392
9942 6322
5529 1480
4473 3926
4731 6842
6551 5785
3448 8937
9420 3440
2951 579
350 3135
9459 9982
1398 4516
2198 7298
1470 4400
9508 2282
1464 3765
4877 6030
4975 9980
2596 3934
9970 7997
5526 9440
2085 2347
6760 5522
9100 9174
5810 3782
2212 3635
5816 8548
8150 9070
5884 6818
8838 8267
7551 304
8148 2902
3751 7110
5398 6743
7297 2983
7299 2975
1069 341
9024 5986
3600 8929
2653 9528
8953 1020
8808 1340
7420 4141
5254 3809
7459 9076
6496 2326
5466 4286
3008 2355
1951 874
4504 6517
6979 3940
5242 8545
4030 2552
2078 1806
7326 5242
8262 5009
2500 5948
3250 8165
6622 2549
5553 2419
2261 1828
6606 7175
8142 9357
4239 6921
7891 9541
7973 61
444 8823
4213 574
1192 7607
4086 3598
3592 6327
2557 3741
3195 5584
3116 7848
9816 6567
1566 6939
3358 7697
3991 6698
3110 5214
5328 7293
1716 4812
4321 7036
6544 5336
7606 1433
4565 1447
720 691
2602 9181
8261 1010
2972 7857
270 1907
6200 2760
2665 1849
9227 4894
5391 6648
2362 9942
9541 4265
6736 9519
4626 8825
6089 9580
8326 110
366 7886
4260 5067
7300 8361
2989 3734
495 4305
2590 7091
1502 1255
7738 2503
5347 7728
7121 5745
9125 2515
5238 4731
5897 9927
775 1379
8163 4585
9028 4819
2165 184
4342 7186
7770 3642
8850 2705
4012 2010
2257 1108
1924 5353
7465 8820
5716 2872
1895 3780
3534 581
6501 478
1 5939
6037 5584
9396 8892
4258 5231
3918 828
1185 6841
8211 8456
8756 742
3431 5601
5851 2489
4461 5018
1449 8890
1183 3787
6810 8752
8516 9845
1868 1637
3720 500
5603 533
1647 6303
4842 649
6285 2407
3089 1204
3982 2742
5920 4653
7898 7115
5350 8354
6934 5712
6314 1550
4444 373
2779 7711
7942 7227
6686 8462
8295 3486
4143 1495
8416 7171
4899 8066
7616 8705
1489 2726
55 39
9829 5929
662 9060
6710 1843
434 5081
6779 4318
6218 9031
4625 3264
7006 3076
9123 5099
1527 5030
9111 9098
4368 2812
6234 4677
8408 3919
14 3968
1681 2522
412 6853
7753 3464
3244 1105
4378 6788
3159 9526
7744 6858
3412 5038
3347 9832
7458 5069
9999 6371
8790 7404
6576 5692
383 4066
7923 6227
6334 8010
7585 8802
8441 397
3798 2481
116 6183
6922 9112
2982 6905
2021 3044
6952 3446
6700 4597
2103 5166
3069 7146
8818 321
2806 656
524 7213
2199 9715
7722 1565
2151 1554
3001 4778
4700 4590
1550 7528
3354 2129
9659 7050
6845 6743
5231 7733
6849 1213
7488 7650
1015 6241
9713 9640
3656 3995
4931 4429
5682 8293
3353 2307
4425 9419
8809 6206
2290 8622
4870 6073
8616 7740
3623 2386
8188 8165
1669 1730
6723 4052
8693 6903
8623 1573
6594 6976
8756 5278
9841 6798
189 2001
6135 2462
395 3123
5082 7957
5149 5901
804 6262
2859 5166
1612 9890
256 9400
648 5005
4485 2654
9640 9435
643 3524
3867 1729
8443 9088
5747 5253
9426 7459
6129 6462
4502 9842
1734 2485
8429 3270
7605 7583
7110 689
4510 4636
6291 5945
8556 2227
5192 8852
9563 492
6986 5621
8320 3578
4265 9016
8189 9069
7057 6969
6508 2415
7784 9926
4545 7053
5705 3818
2197 138
5875 3902
3593 5439
3682 6263
2604 4557
3731 6357
6132 8921
3046 4067
4641 8874
9040 2383
2420 9295
1585 5204
8425 4947
6453 7560
9656 6446
6002 9978
9621 8264
3724 595
9021 8109
2245 7112
2407 1793
1040 190
5418 593
1194 7607
6198 3149
1444 2936
2424 2477
8927 6879
3015 2758
7550 7553
3727 4030
4272 14
1328 2800
9583 6885
1058 2616
9241 2791
3861 1532
118 8648
2709 767
7021 5546
515 9106
456 84
7651 7705
1201 5597
7776 9964
7932 495
3224 2808
9569 6490
1407 8859
4859 235
4384 8559
3908 4274
7574 4675
7747 7519
7235 5417
8676 3489
8950 5869
2800 6627
4354 4977
4547 7322
5288 9541
4591 7442
9761 2738
3072 1960
9666 1615
3561 6524
7812 2327
2494 7617
7839 6736
9827 2535
4569 3807
9344 6488
1301 4231
4282 7375
7488 4875
4883 4393
2360 3601
3783 8287
9528 8560
5435 4095
8472 940
7114 1141
2739 2084
5563 4587
2058 6415
4230 273
8621 1679
8334 1676
7785 5148
7893 6072
6036 2925
6678 4952
5840 3134
4008 7216
6139 9357
2690 8206
6481 7650
9363 4764
2422 9605
473 9410
6321 6887
254 5612
4695 8333
1237 7815
7733 5533
7046 2778
4440 9657
9006 760
522 6158
9679 1848
4312 2552
1751 9846
2378 3457
7938 3308
8030 3004
7489 4908
5588 2845
1730 6701
4132 7996
5777 1202
2823 7399
1885 2373
6655 4276
979 4806
6344 3763
4084 5427
450 8562
4204 3481
6564 132
9829 9621
2509 1911
3003 215
5630 176
7216 7635
8517 7700
232 2075
6695 7038
8407 6799
3506 787
3298 7452
225 3257
3539 9475
1355 1852
5776 4437
5850 4780
3199 980
8764 9380
8757 7559
8229 2829
3841 3937
1926 5430
3652 2075
3228 3464
3172 1960
6001 7750
1323 6331
7712 9268
1205 7467
2907 5518
5481 8453
2186 9007
6088 7542
2289 2637
3095 2232
9117 5641
4444 672
1166 9446
7261 7948
536 3433
3154 5063
8441 3813
2024 4154
7257 2021
5709 7316
8522 4501
1413 2234
8418 6449
6434 6218
3553 4041
8043 2954
8952 6006
7897 4699
9141 949
4875 4253
1618 7093
8794 2741
6937 4983
8818 8216
3156 7711
8027 7719
1006 7862
6050 6427
1209 1076
9668 216
5285 5307
8758 5808
8518 6154
1425 8279
1017 7231
5204 2695
5916 6462
8795 4548
5024 6380
1776 6145
220 8724
1755 8695
4328 1579
1311 8861
3026 6246
7585 5538
4855 7883
6716 2566
7014 7678
9794 9673
7932 2534
6416 353
6667 6473
8540 8633
2262 4803
6422 4813
3497 7341
7791 5772
8291 3346
5615 7050
7328 4061
9569 7626
8860 497
4508 9545
6247 6696
2105 9825
2574 191
7164 5247
4980 4742
5829 2160
3050 1506
3273 9371
1354 3331
9864 4245
7482 3327
36 7550
6729 5734
2882 3798
221 2185
825 6399
8293 2896
1407 4203
4049 1754
4289 2884
1846 4895
3954 9066
2820 3466
9960 4135
4665 9631
1203 6666
8227 763
9980 2437
8071 2168
4722 2459
2970 2022
1238 6540
7115 6110
8744 6633
4928 6490
7638 8305
2772 5474
7399 9601
7524 2565
1100 699
8125 344
5109 1651
3400 2771
7367 5473
3285 5785
6069 2396
5541 3149
2658 6293
9887 596
9593 8434
4488 7207
1114 5519
9385 6176
878 6851
9735 6445
6520 9877
1193 5376
690 2007
8554 7176
7554 9871
9028 589
1154 6595
4441 7844
8 1896
9525 7596
259 7189
3835 7513
6389 9459
2658 457
6246 5477
6649 7353
9315 4859
8131 7286
194 4100
1721 1161
9932 3064
9947 2747
6207 3126
867 9316
2985 346
1205 6925
1457 9716
8819 6880
1982 7356
5599 5084
6488 6669
6711 9170
8441 6335
8510 9328
4580 2585
8982 2087
2314 6465
4140 7589
2993 3186
9790 5672
1364 3915
7314 5431
7757 2625
7139 6431
4584 3366
1724 9694
2565 6761
3761 8459
7328 2224
1244 470
7166 8747
2728 7271
6593 8825
1953 9400
6095 642
1237 5618
1414 2448
9802 4920
8460 6107
6564 412
129 6721
406 8951
8281 2156
1537 9579
6298 113
4299 4601
4437 3612
4524 3902
