8428 3693
62
25
3
62
14
24
72
83
45
57
57
50
53
95
1
65
9
86
31
92
24
61
85
100
49
81
41
53
25
91
69
47
87
79
99
12
13
32
77
10
93
31
63
39
51
60
71
90
60
25
88
45
58
20
56
22
93
77
59
2
77
77
39
68
69
60
69
99
9
14
77
12
15
45
45
58
90
35
43
98
98
71
14
37
65
13
33
33
31
30
49
84
15
58
54
83
7
32
44
21
20
96
68
46
54
87
64
99
14
58
75
40
16
79
54
64
64
73
86
9
3
98
31
35
82
15
22
61
7
26
45
84
4
2
2
18
32
80
98
20
97
27
85
47
75
70
43
85
88
57
90
57
9
37
65
67
21
8
5
69
81
82
87
53
48
99
58
9
50
74
56
41
47
4
32
93
40
23
87
3
32
76
49
68
81
33
21
55
68
81
47
1
42
19
15
69
85
28
76
80
75
10
89
83
78
27
53
40
15
83
30
7
67
100
79
64
99
99
68
11
43
19
87
81
48
56
34
64
85
57
36
47
97
6
21
9
39
80
71
74
19
94
44
55
24
48
59
76
30
48
2
36
8
31
88
34
84
32
19
37
75
76
72
60
95
53
77
12
84
69
3
58
49
64
4
22
71
43
50
49
76
96
9
81
97
59
34
82
36
11
77
88
38
67
21
32
90
52
43
28
14
97
45
58
95
48
43
64
46
51
81
4
93
3
79
31
96
61
50
20
82
81
86
55
20
48
79
53
42
41
87
43
33
72
92
86
22
85
86
42
66
99
57
86
95
90
69
77
7
96
43
19
41
35
72
93
30
81
3
65
43
40
50
46
88
70
8
21
13
65
10
50
40
98
85
53
12
98
35
17
69
87
56
70
62
1
80
41
37
80
49
35
53
19
85
29
43
67
34
51
44
38
3
82
52
50
26
3
94
68
83
6
22
12
45
82
3
72
90
87
89
77
96
23
87
13
65
24
43
76
56
86
71
35
63
78
48
37
63
71
43
26
22
25
17
51
79
33
60
34
2
89
77
43
91
43
6
89
99
23
98
18
86
47
63
32
95
47
26
33
47
92
81
90
28
96
39
38
93
66
75
13
89
73
25
38
74
29
52
13
50
73
65
69
13
50
45
86
88
33
81
50
53
11
6
26
18
45
19
34
41
94
15
97
63
55
100
74
44
39
17
82
98
13
80
74
60
2
20
46
62
63
36
38
18
67
96
52
23
66
89
4
55
17
79
97
19
17
4
95
76
6
55
35
30
14
46
35
98
94
87
93
82
32
1
35
59
27
68
46
50
41
19
43
35
55
31
99
56
51
54
41
91
63
37
16
34
16
92
28
56
37
34
17
10
93
56
36
98
28
30
87
51
50
68
52
24
11
1
60
64
45
37
49
39
64
67
93
37
1
91
81
72
2
91
7
52
15
62
80
50
68
85
53
61
59
66
36
8
35
92
31
39
58
19
69
41
28
96
12
9
59
65
23
68
85
27
89
91
50
50
19
86
31
13
57
19
56
55
88
1
58
81
44
20
95
26
97
92
60
15
80
60
22
30
8
46
79
21
50
34
43
7
85
48
80
24
86
85
10
19
11
96
25
40
12
35
72
59
54
14
48
5
18
64
90
42
23
11
95
19
98
32
87
27
55
75
3
30
52
70
19
84
85
45
57
48
62
90
81
23
73
67
46
36
26
73
91
20
16
50
30
41
46
57
85
86
47
69
98
90
4
16
39
86
40
90
70
77
42
29
77
37
34
72
26
67
15
99
8
47
26
89
11
74
75
15
52
38
61
48
36
76
72
74
27
60
61
72
71
39
3
85
86
64
14
2
32
17
33
21
1
74
92
71
9
80
47
9
73
29
23
42
31
37
82
79
66
59
49
41
84
4
45
92
35
45
54
20
39
27
4
75
81
1
67
5
35
86
86
11
78
43
76
70
86
32
74
70
66
95
45
93
45
1
38
52
65
72
12
51
80
57
3
19
24
85
36
83
78
57
85
74
21
6
32
20
21
36
37
88
40
67
63
60
46
11
81
61
11
33
16
83
79
38
57
44
1
97
81
79
40
34
46
68
2
5
38
60
69
81
78
78
11
74
94
58
16
4
79
63
55
93
73
85
77
91
37
24
34
57
49
54
76
93
30
81
80
29
48
63
25
9
86
99
39
41
61
51
10
68
11
21
72
21
25
97
100
74
64
54
5
30
52
8
2
11
100
66
8
9
86
43
88
24
50
22
75
59
43
25
39
93
39
43
80
26
64
89
54
53
30
55
40
49
26
59
43
100
94
25
80
4
54
37
75
50
84
11
60
52
26
21
86
42
90
70
17
87
84
79
31
8
87
39
3
13
66
14
15
33
87
66
6
33
40
87
28
66
45
9
53
68
88
94
14
42
83
72
42
36
88
79
9
43
97
50
71
58
30
43
75
90
21
32
100
87
42
74
78
80
55
7
60
24
19
8
89
38
23
31
18
78
9
97
51
95
70
19
46
68
83
48
51
5
30
47
46
72
14
46
84
54
51
89
14
35
21
75
67
23
56
8
46
78
25
78
43
77
51
30
25
8
32
25
44
10
70
82
67
16
75
66
12
82
12
71
59
31
31
34
85
65
5
86
33
27
2
30
93
87
69
97
54
85
37
54
23
47
21
4
2
54
9
98
82
20
22
92
32
75
54
79
100
61
32
46
45
38
1
74
35
89
54
24
63
99
88
11
20
2
22
30
87
11
58
86
66
21
44
64
99
38
51
28
15
64
88
92
53
25
73
93
8
68
31
61
69
64
64
73
48
60
10
17
63
57
68
91
100
70
68
87
41
76
75
59
27
74
60
59
17
20
25
31
42
20
47
48
59
77
89
82
62
70
51
58
4
11
100
25
78
93
30
45
40
90
45
55
66
41
14
14
8
11
41
56
79
75
76
98
36
18
51
58
2
37
48
18
16
70
97
18
14
32
44
7
18
42
91
27
56
22
9
75
32
69
16
36
14
91
16
73
55
43
23
100
97
90
10
11
85
88
10
3
9
66
17
68
35
90
60
64
50
22
66
15
29
46
59
2
54
49
1
34
71
42
58
92
92
35
95
79
62
31
98
66
96
97
11
54
58
22
69
54
8
89
17
27
86
95
12
46
33
45
68
93
30
6
79
87
30
77
49
1
26
50
34
79
33
45
12
74
65
30
5
27
82
70
50
78
75
21
73
14
34
6
85
69
93
13
8
93
57
62
22
90
27
75
7
56
62
3
86
13
40
75
44
53
26
74
55
87
18
79
84
7
70
85
27
65
17
79
83
18
78
44
76
31
31
46
50
44
89
44
46
34
22
100
26
16
14
98
52
21
45
49
31
52
47
30
49
57
37
71
7
98
10
98
10
64
81
49
91
77
3
2
80
37
26
19
8
83
72
39
69
48
22
30
44
1
52
98
76
38
45
30
27
65
100
79
16
63
58
93
52
61
36
55
6
64
28
15
10
40
8
6
57
15
15
93
65
98
3
100
51
26
55
89
74
74
37
38
66
9
20
10
16
51
88
2
75
32
43
57
8
30
9
79
15
10
11
75
48
7
28
81
59
26
15
12
22
91
68
67
94
76
40
46
99
75
70
21
74
44
51
77
71
20
28
35
29
25
37
56
37
77
32
27
12
21
51
8
16
56
25
40
4
41
94
43
94
27
53
72
42
44
41
91
64
56
12
56
82
22
69
9
4
45
72
67
66
33
47
14
26
42
54
84
68
27
4
63
44
9
48
96
14
66
11
53
7
48
34
95
29
76
44
34
27
19
34
68
6
51
27
89
96
4
94
6
36
3
54
46
86
14
83
88
37
36
29
58
93
27
46
84
49
91
84
100
80
87
37
54
70
44
27
97
36
99
47
79
36
93
23
37
39
33
42
62
35
9
30
63
98
27
61
79
26
100
97
15
85
76
85
15
22
16
88
6
56
38
74
18
76
48
7
21
45
16
25
32
29
43
27
11
60
1
31
48
83
65
79
69
54
2
37
31
7
69
22
42
82
65
19
9
70
98
35
83
78
54
8
35
39
9
59
11
69
26
62
93
34
81
97
53
99
85
47
52
90
65
46
59
66
99
60
81
97
42
61
57
68
67
54
60
29
6
100
15
57
98
50
91
75
33
56
79
38
20
30
31
9
51
24
28
76
32
57
84
74
66
65
10
58
68
25
75
67
50
60
44
85
49
56
54
80
81
3
99
5
28
77
21
51
24
69
38
95
65
37
73
50
49
95
70
77
24
16
91
20
6
29
21
95
40
66
79
85
35
88
82
81
18
56
69
28
84
60
5
24
58
10
62
63
58
42
57
98
12
61
1
78
56
21
97
92
96
49
5
56
81
5
15
52
71
36
32
42
68
33
9
73
54
76
96
80
16
26
5
65
99
33
58
97
26
21
11
25
33
39
65
40
68
10
25
68
64
48
98
9
65
28
57
72
76
9
24
62
51
8
24
92
80
10
32
71
88
62
48
58
26
7
78
9
30
89
25
30
1
72
4
56
40
64
51
19
86
80
53
59
94
78
54
96
57
35
34
32
40
22
53
21
50
19
45
88
18
80
28
53
32
64
5
9
62
82
53
54
79
59
81
60
59
89
91
33
96
14
75
29
82
38
71
74
19
64
3
85
72
57
23
54
88
8
34
24
78
10
52
76
22
15
45
83
2
80
96
47
41
97
27
52
100
31
39
83
83
12
28
70
75
54
84
89
93
3
83
82
96
11
45
10
70
64
93
73
62
97
10
100
26
83
33
93
8
71
24
32
15
64
46
85
77
35
43
34
91
59
92
30
98
2
85
89
31
12
52
8
21
89
76
8
69
60
22
92
53
80
9
16
18
21
56
24
28
82
92
11
77
66
33
29
52
7
24
43
5
96
92
10
28
62
86
42
67
68
60
52
54
35
29
6
50
5
32
23
47
99
90
54
1
5
96
20
35
96
40
57
37
80
69
8
42
79
11
94
12
36
74
99
46
15
33
6
11
39
85
99
79
9
60
68
92
97
12
19
71
48
54
76
91
7
82
76
23
30
36
99
40
75
11
90
30
54
65
33
18
43
25
27
36
24
26
80
90
64
94
34
55
76
46
40
52
36
75
96
52
91
52
91
55
85
3
64
56
36
74
97
73
65
26
64
2
46
71
82
73
61
29
12
1
18
79
7
84
98
95
59
68
82
38
11
24
94
87
18
29
28
6
63
35
76
30
6
22
23
36
35
8
81
37
8
99
3
48
47
22
25
97
78
9
64
83
33
1
85
53
85
7
43
88
64
66
48
12
52
49
25
60
72
51
37
79
78
27
55
40
55
19
71
6
55
11
76
85
91
10
64
43
6
96
53
61
68
62
26
88
50
16
13
10
38
78
83
77
3
64
18
81
26
53
23
94
73
96
72
13
47
65
14
6
42
1
9
9
56
18
55
18
90
78
89
12
84
76
54
73
76
54
7
2
24
85
93
53
34
71
23
96
19
45
27
90
64
90
23
69
47
95
68
50
96
75
38
35
90
47
5
88
7
54
39
22
39
17
60
24
50
47
33
88
61
28
88
99
77
44
74
61
75
52
94
29
17
86
85
32
29
68
92
74
8
2
38
89
34
56
87
63
77
38
20
84
42
98
41
89
44
89
40
22
20
55
60
95
87
21
78
45
66
16
73
50
93
34
16
76
66
32
84
58
53
94
46
26
91
57
11
93
56
57
79
93
75
59
73
51
20
66
46
72
83
60
79
79
59
40
98
100
78
97
24
58
7
94
97
3
24
100
55
41
24
10
20
90
94
41
56
71
69
8
27
56
57
27
3
46
3
22
30
16
24
7
10
21
70
89
99
43
5
77
94
37
48
62
68
50
7
9
74
2
22
72
3
41
76
74
18
79
87
29
26
80
75
56
46
3
50
95
46
87
80
86
4
14
72
84
11
35
15
66
40
90
27
90
56
68
2
72
88
55
49
54
55
19
85
75
15
19
99
26
20
54
98
70
72
34
95
98
33
42
77
38
92
24
53
36
99
77
81
53
21
29
40
77
79
51
69
87
16
80
90
45
70
28
13
80
60
86
3
2
15
25
40
68
3
78
22
67
66
72
23
67
61
88
44
85
2
80
34
87
7
45
19
12
24
7
83
72
50
61
52
99
97
91
63
66
6
36
85
98
91
63
83
93
94
38
33
44
41
47
26
1
77
7
34
65
91
63
97
54
96
4
96
25
94
64
63
13
42
72
37
21
79
60
60
69
82
1
69
66
57
24
52
28
12
41
74
54
71
27
23
88
8
73
34
81
80
65
65
37
90
29
85
88
89
75
94
63
15
80
91
95
85
50
80
26
11
28
24
74
24
62
83
27
17
81
52
11
19
53
14
45
21
35
95
68
63
11
71
73
34
63
20
16
94
28
92
72
18
89
97
13
46
51
83
95
24
66
20
52
41
57
79
20
5
46
83
5
73
100
3
99
92
65
52
66
33
7
68
98
68
8
69
52
71
70
55
87
1
56
4
8
93
37
15
6
89
73
72
2
43
38
88
70
83
48
47
79
38
60
45
78
87
54
20
37
70
97
69
18
64
68
88
56
89
94
30
4
52
29
52
57
64
26
40
17
5
42
5
67
90
39
95
35
12
3
49
92
93
32
27
70
7
62
31
58
94
8
30
84
5
5
86
59
96
45
64
75
77
43
75
74
12
45
98
92
63
82
92
75
11
90
99
29
97
6
33
64
84
13
58
96
76
89
54
98
16
55
16
1
74
69
72
53
79
65
70
4
89
8
90
87
16
43
33
6
70
51
28
11
21
100
38
84
29
16
71
3
69
7
17
96
10
88
77
37
53
13
45
46
43
54
69
69
61
6
79
51
67
95
33
85
86
28
4
97
66
47
87
50
33
8
52
61
99
2
49
96
62
10
94
32
84
24
79
54
20
25
21
33
7
8
88
4
25
1
1
50
19
61
19
82
30
52
7
54
23
5
51
71
68
38
14
92
62
73
71
39
82
41
52
42
9
22
5
77
20
23
42
89
28
26
50
10
70
89
36
35
40
90
69
89
43
66
23
57
96
45
66
59
29
42
46
19
1
56
73
72
32
38
61
45
12
16
2
47
32
68
40
60
57
44
10
18
68
49
64
25
27
11
35
28
18
21
40
27
23
73
74
67
60
16
80
15
74
30
18
19
8
42
4
100
24
41
53
29
58
93
38
96
83
96
39
29
89
11
42
53
30
65
53
14
19
42
32
80
73
24
79
90
62
34
96
59
21
16
77
41
85
44
4
25
27
59
54
27
51
3
85
8
59
57
62
7
74
20
27
76
41
70
86
81
44
35
62
59
54
98
37
47
23
26
98
95
7
57
36
59
65
99
60
77
58
69
83
39
52
46
51
72
56
83
4
86
100
85
81
74
42
89
46
46
72
91
12
67
35
59
22
64
99
43
35
73
99
36
96
18
75
36
70
95
96
33
98
7
19
22
22
9
7
61
58
36
89
55
13
25
89
64
66
10
12
78
36
82
53
17
4
1
28
98
25
53
81
68
53
33
98
5
1
63
79
99
92
57
55
87
34
47
29
88
15
57
96
95
79
37
5
21
12
2
100
4
61
86
73
95
69
31
84
69
67
55
45
27
79
51
7
34
85
28
41
9
48
63
95
91
75
77
78
91
7
38
31
40
70
88
15
43
89
58
82
63
12
78
22
3
94
23
6
2
38
15
16
3
98
100
23
14
49
6
25
79
82
46
26
56
33
26
77
52
8
26
72
35
2
62
2
85
94
9
75
76
36
55
89
67
25
81
80
85
48
16
11
21
49
28
2
13
31
49
56
85
28
74
44
47
26
17
97
70
52
98
63
81
85
66
83
36
52
96
33
50
99
63
63
34
24
36
87
1
34
84
58
3
73
82
39
56
90
71
11
61
73
77
14
40
35
31
1
90
78
78
54
81
69
95
11
29
52
92
69
22
55
5
72
100
63
37
23
60
95
49
17
87
61
73
10
70
42
15
41
28
25
40
14
27
92
94
51
3
92
31
17
75
22
78
98
77
23
41
67
29
2
30
10
20
11
14
89
52
11
26
49
43
20
84
45
79
79
56
4
6
46
92
41
4
63
74
2
47
69
83
39
48
13
40
5
84
24
7
44
78
45
19
76
43
87
39
92
64
71
91
90
48
95
50
13
60
10
5
95
99
87
29
5
59
65
79
72
68
99
11
67
97
22
6
33
35
79
9
9
99
71
48
1
18
48
33
23
100
13
45
29
21
77
53
65
25
32
36
74
22
43
19
42
5
26
78
47
75
3
74
6
49
95
78
95
72
26
6
20
87
56
59
1
77
84
33
94
91
70
70
86
56
60
2
59
88